1035.jpg,0.50999385,-0.43192053,0.5684989,-0.5018304,0.59613496,-0.5012423,0.62823856,-0.50079143,0.44464087,-0.49715587,0.3965464,-0.49252075,0.35629,-0.48676363,0.67886585,-0.4628832,0.28926829,-0.44659978,0.5829285,-0.35130656,0.42820925,-0.35182643,1.0,-0.006567602,0.0,0.0,1.110418,0.4942618,-0.16253784,0.5089162,0.6128013,0.26703134,0.37723604,0.2819861,0.52781075,0.16576251,0.4852215,0.18161103,0.52876437,0.12020669,0.4694288,0.14220928,0.5494924,0.15326682,0.4486761,0.17523849,0.79554456,1.0014828,0.20766024,1.0,1.0435188,1.7228943,0.023538934,1.7385975,1.1732184,2.3891258,-0.08207372,2.3680665,1.1143074,2.473563,-0.018950043,2.4500706,1.2954743,2.6170266,-0.24427259,2.6171818
1036.jpg,0.5145901,-0.4276307,0.5743422,-0.49832228,0.60257435,-0.49757352,0.63177997,-0.4962832,0.4533001,-0.4953368,0.4070089,-0.4917771,0.36623648,-0.48673958,0.6842826,-0.46080852,0.2987584,-0.44870937,0.58706975,-0.34867185,0.43381155,-0.34969032,1.0,-0.009801235,0.0,0.0,1.102394,0.5030402,-0.14702941,0.5204872,0.6272172,0.2691464,0.38634402,0.28676397,0.5447726,0.16720015,0.49578756,0.18801324,0.54221225,0.11800487,0.47682282,0.14548692,0.5603808,0.15085693,0.45472124,0.1775924,0.81076324,0.9964458,0.21751234,1.0,1.0435333,1.7466623,0.030132266,1.7415377,1.1517437,2.3959026,-0.09195834,2.4073384,1.0963101,2.4858727,-0.021589153,2.4888046,1.306356,2.6331525,-0.25700665,2.657566
1037.jpg,0.5080009,-0.43365964,0.5680682,-0.50537604,0.59705436,-0.5046982,0.62630653,-0.5035579,0.44449806,-0.50238264,0.39692068,-0.4983772,0.35772562,-0.49290848,0.68016523,-0.4639294,0.29163638,-0.45308265,0.5821361,-0.35109106,0.42581382,-0.35383144,1.0,-0.010917147,0.0,0.0,1.099511,0.4978991,-0.13570589,0.51710325,0.6060348,0.25325048,0.3775286,0.27677155,0.5239193,0.14999771,0.48396447,0.17257257,0.5233587,0.101345696,0.46170273,0.12704816,0.54305434,0.13467173,0.44043154,0.1609333,0.7968404,0.9992429,0.20057231,1.0,1.0188059,1.7427005,0.024874633,1.7432971,1.1460931,2.3939483,-0.09312683,2.3995912,1.0916488,2.4823482,-0.018277517,2.4831436,1.2939115,2.637449,-0.2695655,2.6497416
1038.jpg,0.50513613,-0.4288099,0.5648813,-0.50117743,0.59484065,-0.50079536,0.6227688,-0.49948108,0.44158325,-0.497254,0.39503315,-0.49325144,0.35592684,-0.48776114,0.67805135,-0.4603712,0.2909534,-0.4493855,0.5804755,-0.3477646,0.4244695,-0.3504308,1.0,-0.007823962,0.0,0.0,1.0946931,0.49771622,-0.1382014,0.512923,0.5907681,0.2529414,0.3910095,0.26421827,0.508477,0.14684598,0.4964448,0.15862958,0.509653,0.098404124,0.47669753,0.113328055,0.530556,0.13179883,0.45362732,0.14757714,0.7901468,0.9990396,0.19706811,1.0,1.0140169,1.742419,0.029032305,1.7407677,1.1453198,2.3957753,-0.09548889,2.405145,1.0897641,2.484671,-0.025300283,2.4896755,1.2808057,2.6377382,-0.26681036,2.65174
1039.jpg,0.5089735,-0.41727695,0.5689134,-0.48850176,0.59853107,-0.48858097,0.62625897,-0.4879221,0.44697157,-0.4830876,0.40243953,-0.47978517,0.3626046,-0.4761794,0.6798418,-0.44899455,0.29491854,-0.44180924,0.5820368,-0.33795702,0.4279505,-0.34117305,1.0,0.0011286456,0.0,0.0,1.0867693,0.50026983,-0.13678029,0.5035185,0.57779676,0.25610295,0.4162018,0.25499052,0.49283996,0.14851731,0.513877,0.15368389,0.4957963,0.09919179,0.4941566,0.10905099,0.5181535,0.13226688,0.47108752,0.14187321,0.78773665,0.99909717,0.19449252,1.0,1.0052834,1.7322516,0.019644685,1.7344353,1.1605923,2.3703742,-0.088899836,2.3770874,1.1087581,2.4564352,-0.01296545,2.4571946,1.297962,2.6105144,-0.26136622,2.6271882
1040.jpg,0.51567996,-0.41533005,0.5706861,-0.48323295,0.6001249,-0.4841207,0.6265756,-0.48427415,0.451534,-0.4771345,0.40949348,-0.47380328,0.36950368,-0.4713514,0.6770635,-0.44618782,0.30043298,-0.43709984,0.5885867,-0.3367369,0.43544933,-0.34018037,1.0,0.0068035084,0.0,0.0,1.0951664,0.50508475,-0.15913166,0.50568527,0.57956344,0.25233316,0.40268788,0.2580264,0.49808678,0.14593534,0.5058682,0.15231325,0.50384265,0.096217886,0.48476925,0.10658999,0.5235064,0.13000277,0.46090797,0.14249308,0.78746134,1.000054,0.19714487,1.0,1.0100057,1.734452,0.037861582,1.7337596,1.1634985,2.368087,-0.08903318,2.3833988,1.1154463,2.4483926,-0.022561477,2.4638083,1.3007885,2.6139584,-0.25571895,2.6296787
1041.jpg,0.50536585,-0.40717685,0.56367105,-0.47656664,0.5949261,-0.47781384,0.62271893,-0.47961485,0.44479838,-0.4685328,0.40263057,-0.46564603,0.3659278,-0.46459588,0.6796688,-0.44202974,0.29980478,-0.42750585,0.5847813,-0.33287004,0.42962068,-0.33403906,1.0,0.00023319246,0.0,0.0,1.0913017,0.50892967,-0.15662505,0.5108023,0.5799259,0.257497,0.38823333,0.2691391,0.49230716,0.15515004,0.49200565,0.16545999,0.50215465,0.104839556,0.47576517,0.12013276,0.5236222,0.13771133,0.45129624,0.15445103,0.78731763,0.9997512,0.19962758,1.0,1.0032076,1.7372626,0.03800115,1.7384566,1.1547338,2.3789105,-0.0884061,2.3910136,1.1051301,2.4614103,-0.01802949,2.4722047,1.2914937,2.6265202,-0.24990094,2.643896
1042.jpg,0.51910055,-0.40500063,0.57248527,-0.47488225,0.6012584,-0.47682282,0.62952375,-0.47892702,0.45271197,-0.466339,0.40930083,-0.4636755,0.37022024,-0.46227875,0.68055445,-0.44156146,0.29961807,-0.42636243,0.59476465,-0.3312266,0.44188887,-0.3321853,1.0,-0.0053271027,0.0,0.0,1.0863769,0.49770203,-0.1533569,0.5044737,0.58659494,0.25027138,0.41435003,0.26170662,0.50380325,0.15214497,0.52002096,0.16726604,0.5089603,0.10101209,0.5016661,0.12203684,0.52924865,0.13204497,0.47540945,0.1538688,0.789947,0.9975089,0.20022577,1.0,0.99400556,1.7380708,0.022344828,1.736401,1.1603233,2.3743856,-0.101349436,2.3844297,1.1116945,2.4599369,-0.024877004,2.468225,1.3087939,2.6232977,-0.27025294,2.6376088
1044.jpg,0.51208943,-0.4098535,0.57416564,-0.48028353,0.6053833,-0.47947356,0.6320008,-0.4773983,0.45485386,-0.47876164,0.41118357,-0.47645372,0.37079212,-0.47253764,0.68672246,-0.43894708,0.3022887,-0.43936056,0.5836997,-0.33005515,0.4298764,-0.3336675,1.0,-0.00045116953,0.0,0.0,1.0948449,0.5120675,-0.16654088,0.5141831,0.60382986,0.26871425,0.3753532,0.2698214,0.5178262,0.1639484,0.47524264,0.16481467,0.51750386,0.1137389,0.4571314,0.12223052,0.53874,0.14504221,0.4402199,0.15349993,0.7849857,0.98915297,0.19692767,1.0,0.977353,1.7416651,0.028278278,1.740924,1.1681535,2.4050155,-0.100677,2.4111595,1.1184416,2.5014606,-0.026700798,2.4995072,1.303275,2.649156,-0.27282625,2.662368
1045.jpg,0.51063585,-0.4086269,0.57575995,-0.47992676,0.6070853,-0.47948697,0.6341043,-0.47759795,0.4524174,-0.47946274,0.40722564,-0.47776228,0.36758563,-0.47373277,0.6915138,-0.43914887,0.3018185,-0.44100928,0.58496714,-0.32945344,0.4284434,-0.33322164,1.0,-0.0014892655,0.0,0.0,1.0937792,0.51332235,-0.17736244,0.5116147,0.5912964,0.26515043,0.36847693,0.2697145,0.5083967,0.15884061,0.46704194,0.16171691,0.5108405,0.111916855,0.4526257,0.11901957,0.5316744,0.142187,0.4357802,0.15036424,0.7880789,0.99265474,0.19206934,1.0,0.9900796,1.7492341,0.015910918,1.7570815,1.1559879,2.3900416,-0.10304389,2.409952,1.1036869,2.481475,-0.027541282,2.4917235,1.3052886,2.6448684,-0.26569462,2.6637423
1046.jpg,0.5122302,-0.40129375,0.57062155,-0.4736368,0.6038916,-0.4739243,0.6298663,-0.4736337,0.450483,-0.46869454,0.4073345,-0.46597624,0.36779255,-0.46383226,0.6823752,-0.4372922,0.30173862,-0.430402,0.58728033,-0.32375586,0.43369442,-0.3259122,1.0,0.0012758448,0.0,0.0,1.0877441,0.511111,-0.1785861,0.5104359,0.5954568,0.2649695,0.36453038,0.27115986,0.51179755,0.155062,0.46444455,0.16397218,0.5097776,0.107540056,0.44900516,0.12010782,0.53070337,0.13987058,0.43226105,0.15187137,0.7856675,0.9899725,0.19031918,1.0,0.98201305,1.7491674,0.014764156,1.7593087,1.152265,2.3935032,-0.10065306,2.4121735,1.1072372,2.481154,-0.031862248,2.4910812,1.2875129,2.6519768,-0.25895372,2.6694582
1047.jpg,0.5106932,-0.4085466,0.5714663,-0.48175457,0.6045814,-0.48127457,0.63080424,-0.47971797,0.45084956,-0.48048654,0.40682176,-0.4785782,0.36826175,-0.4751852,0.6840709,-0.44264588,0.30239874,-0.44176993,0.58398795,-0.32892326,0.43060574,-0.33227253,1.0,0.00011620443,0.0,0.0,1.0892564,0.52120274,-0.17616014,0.5201077,0.6036266,0.2735347,0.36101088,0.26990497,0.51906705,0.1620582,0.4558364,0.15813358,0.5173383,0.11477275,0.44208512,0.11377516,0.5379504,0.14841892,0.42709634,0.14634614,0.77685,0.9890877,0.18652438,1.0,0.9701321,1.7501627,0.019432196,1.7722208,1.1455984,2.4210725,-0.105540864,2.434177,1.1036737,2.5171835,-0.035719678,2.5202444,1.304185,2.685495,-0.26451448,2.6904995
1048.jpg,0.5206005,-0.4278576,0.5806449,-0.49883765,0.61299783,-0.49822786,0.6394715,-0.49597043,0.45756772,-0.49803123,0.41168222,-0.49545434,0.37231627,-0.49110246,0.6927855,-0.45815888,0.30503824,-0.45316687,0.5972317,-0.34444776,0.4396802,-0.34773985,1.0,-0.009030913,0.0,0.0,1.1016878,0.5244023,-0.17170556,0.5331631,0.6198159,0.2828587,0.35449028,0.26942575,0.5388944,0.17122576,0.45482,0.15146282,0.5384076,0.11858854,0.4427508,0.10713202,0.5585195,0.15312144,0.42596906,0.13980556,0.7947334,0.99029636,0.19653697,1.0,0.98844194,1.7738403,0.030063033,1.7967737,1.1537675,2.46293,-0.11495594,2.48117,1.1163316,2.558114,-0.049006075,2.5677485,1.315817,2.7250617,-0.27252147,2.7517283
1049.jpg,0.52378064,-0.42636788,0.5855438,-0.49784827,0.6149215,-0.4969449,0.6403107,-0.494481,0.46464092,-0.49577034,0.41818324,-0.49319392,0.37758827,-0.48942053,0.69014716,-0.45792684,0.30685782,-0.45301366,0.59676725,-0.34352288,0.4414699,-0.3455075,1.0,-0.006904581,0.0,0.0,1.110414,0.52991927,-0.17079385,0.5350467,0.6155844,0.28730738,0.3641876,0.27105984,0.5304715,0.17793934,0.46203214,0.15287298,0.53074634,0.12629057,0.44984955,0.10921458,0.5522004,0.159562,0.43415964,0.14099787,0.7953504,0.9893869,0.1983799,1.0,0.98266965,1.7756778,0.030454654,1.8052944,1.1424708,2.4850101,-0.12415867,2.498883,1.101511,2.5803618,-0.053381417,2.5858912,1.3164941,2.7457411,-0.27401048,2.7611408
1050.jpg,0.5136001,-0.42307678,0.57285887,-0.49735782,0.6047734,-0.49788395,0.6297821,-0.4966106,0.45161995,-0.491632,0.4064359,-0.4880199,0.3657201,-0.48325583,0.6784377,-0.4647626,0.3007654,-0.44800746,0.59073234,-0.34508398,0.43762225,-0.34340945,1.0,-0.0056915553,0.0,0.0,1.1051533,0.5354247,-0.16837093,0.53417903,0.60309756,0.2761334,0.3594366,0.26864257,0.51775223,0.16364239,0.44986397,0.14762563,0.5195742,0.11512258,0.43715575,0.10453555,0.5420345,0.14984778,0.42326322,0.13616453,0.7898787,0.9913968,0.1915068,1.0,0.9774541,1.7858031,0.026368106,1.8112583,1.1455383,2.4990585,-0.121942975,2.5115814,1.1117113,2.6001022,-0.04504555,2.6049118,1.3093194,2.7555223,-0.28818986,2.7805572
1051.jpg,0.5097345,-0.41845885,0.56979764,-0.4917984,0.6010829,-0.4922821,0.62719727,-0.49127427,0.4498067,-0.48701993,0.40558368,-0.48406014,0.36544937,-0.47979882,0.6789208,-0.45968184,0.2991715,-0.44632038,0.586542,-0.34146348,0.43486664,-0.3418512,1.0,-0.004808063,0.0,0.0,1.1022302,0.5287193,-0.17493917,0.53073823,0.61041456,0.28311422,0.3494137,0.27651048,0.5277195,0.17087798,0.44681785,0.15291703,0.5289224,0.12186957,0.43598175,0.10983509,0.5508097,0.15713459,0.42204344,0.14354824,0.78941625,0.99161744,0.18835098,1.0,0.97360903,1.7681805,0.0217194,1.7958498,1.1448385,2.4627476,-0.12907697,2.4814615,1.1006234,2.5561323,-0.05183261,2.5672789,1.3126556,2.723828,-0.28162828,2.7471626
1131.jpg,0.5243146,-0.420911,0.5822574,-0.48722753,0.60971874,-0.48732004,0.63888127,-0.48719072,0.46345654,-0.48413494,0.4189732,-0.48202637,0.37833393,-0.480082,0.6908345,-0.4464993,0.30712304,-0.44600934,0.5940779,-0.3439486,0.44123864,-0.3486559,1.0,0.006221095,0.0,0.0,1.0928041,0.5101963,-0.16410638,0.5133702,0.5912365,0.27155316,0.38440692,0.2764967,0.50606084,0.17005725,0.49974522,0.17432067,0.5126854,0.12140737,0.4871671,0.13130607,0.5347485,0.15415539,0.4606876,0.1639829,0.7886279,0.9976036,0.18802142,1.0,0.99078995,1.747361,0.031291142,1.7541482,1.1718793,2.3988552,-0.080448695,2.4120114,1.1178793,2.4837327,-0.011787013,2.4899387,1.3259655,2.6502156,-0.2663378,2.6691937
1132.jpg,0.5459063,-0.41629222,0.5899089,-0.4807373,0.61422205,-0.480652,0.6484477,-0.48000273,0.4773988,-0.48065764,0.4298939,-0.4805055,0.3881984,-0.47907645,0.69275874,-0.4407847,0.31195125,-0.4397948,0.60682356,-0.33911866,0.46122268,-0.34633386,1.0,0.0077553126,0.0,0.0,1.0842264,0.5156056,-0.1526289,0.5241157,0.5903069,0.26668626,0.37242755,0.2857696,0.51505,0.16208573,0.488714,0.18159878,0.52518016,0.113504685,0.47602087,0.14049885,0.54230356,0.14765859,0.4490032,0.1746433,0.78792465,0.9960393,0.19575346,1.0,0.9922035,1.7610066,0.033487953,1.7712716,1.1667717,2.423226,-0.08240318,2.435076,1.1116081,2.5156415,-0.014005462,2.5173836,1.3245455,2.6723437,-0.25758985,2.6981058
1133.jpg,0.5459338,-0.41580984,0.59117746,-0.4786648,0.61547947,-0.47833633,0.64840245,-0.47761074,0.4781222,-0.47947577,0.43129694,-0.4794371,0.39008215,-0.4782437,0.6934743,-0.43779743,0.31338185,-0.43893352,0.6082844,-0.3394347,0.4608627,-0.34647757,1.0,0.009865805,0.0,0.0,1.0863168,0.51921076,-0.15392639,0.52285415,0.5934042,0.26324144,0.36710125,0.2907932,0.51910305,0.15675797,0.487231,0.18596457,0.52999175,0.10720851,0.47408724,0.14496718,0.54625696,0.1412539,0.44624954,0.17937198,0.7946876,0.99561137,0.20484538,1.0,0.9941996,1.7529095,0.04526933,1.7656044,1.1641109,2.4182034,-0.06897348,2.4249463,1.1156106,2.5079048,-0.00328036,2.5065987,1.3076441,2.6658218,-0.25837696,2.6839166
1134.jpg,0.5477276,-0.4268098,0.59188354,-0.48930427,0.61646545,-0.4882398,0.65031755,-0.48692003,0.47931004,-0.48999462,0.43219,-0.48823175,0.38931647,-0.485605,0.69262266,-0.44471893,0.31325638,-0.4459296,0.6092051,-0.3470614,0.46070662,-0.35459384,1.0,0.010106185,0.0,0.0,1.1018317,0.52082044,-0.1640499,0.5246048,0.5958674,0.27127373,0.363423,0.2916481,0.51603276,0.16192731,0.48661464,0.18256621,0.5252028,0.11390586,0.47235906,0.14160527,0.54399914,0.1488129,0.4440299,0.17764279,0.7938482,0.99877876,0.19968885,1.0,1.0021185,1.7668036,0.048239604,1.7734126,1.1784377,2.428028,-0.08028964,2.4305062,1.1239288,2.517051,-0.015465841,2.5116727,1.3292761,2.6711915,-0.24989824,2.6822739
1135.jpg,0.52813053,-0.4300003,0.5752036,-0.4932189,0.6006165,-0.49370387,0.6332453,-0.4942706,0.45937964,-0.49039516,0.41343284,-0.48905325,0.37483755,-0.48727462,0.68360394,-0.453447,0.30572498,-0.44558862,0.5986172,-0.35290903,0.4497246,-0.35850486,1.0,0.005715657,0.0,0.0,1.0939051,0.519238,-0.16959006,0.5160403,0.58788794,0.26314345,0.37473878,0.28047195,0.5055985,0.15200491,0.4878152,0.17129324,0.5162108,0.10269362,0.47352773,0.12796721,0.53670406,0.13722631,0.4462324,0.16554697,0.77717704,0.9970395,0.18007329,1.0,0.99764806,1.7707211,0.031048039,1.7795584,1.1668692,2.425571,-0.09590473,2.4345517,1.1123191,2.5104253,-0.032027114,2.5093064,1.3162385,2.6658843,-0.27200145,2.680538
1136.jpg,0.5325691,-0.434562,0.5745463,-0.49725816,0.5996604,-0.49769005,0.6308115,-0.49804634,0.4605455,-0.49316007,0.41393298,-0.49051166,0.37399572,-0.48768422,0.6773457,-0.45661148,0.30360386,-0.44520742,0.5996847,-0.35752386,0.4531051,-0.36143106,1.0,0.004059369,0.0,0.0,1.0919224,0.51342165,-0.16741332,0.51423484,0.5879277,0.25585642,0.35692078,0.286235,0.50277346,0.14652184,0.47500733,0.1799431,0.5128501,0.09690572,0.4620042,0.136269,0.53371084,0.1306296,0.43436864,0.17175806,0.77494377,0.9971335,0.17849287,1.0,0.99901986,1.76371,0.029247299,1.7750709,1.1698828,2.4177673,-0.09660456,2.4283895,1.1107123,2.5020905,-0.03447387,2.5030484,1.3234493,2.6607988,-0.269648,2.6736877
1137.jpg,0.5224682,-0.4303626,0.569535,-0.49203882,0.59590346,-0.4924828,0.6260409,-0.4935129,0.45268756,-0.48786825,0.40771872,-0.48586822,0.37040898,-0.48408872,0.6772854,-0.45345843,0.30275774,-0.44257534,0.5963575,-0.35479674,0.44564363,-0.35893077,1.0,0.0040248143,0.0,0.0,1.0924819,0.51441705,-0.16882055,0.51213866,0.5825676,0.2604249,0.3852337,0.2754471,0.50216466,0.14882801,0.49322686,0.16457027,0.51304847,0.099752225,0.4773686,0.12186439,0.533639,0.13449399,0.45173457,0.15939113,0.77847856,0.99749017,0.18111323,1.0,0.99965304,1.7643903,0.023434693,1.7811531,1.1742107,2.4219725,-0.09554153,2.4297032,1.1165599,2.507309,-0.029150553,2.5029542,1.3193918,2.6639524,-0.27843451,2.6727111
1138.jpg,0.52896744,-0.43388274,0.57922804,-0.49588814,0.60555816,-0.49577764,0.636408,-0.4958164,0.46164462,-0.49276212,0.41513047,-0.49059853,0.3751883,-0.48882297,0.6861609,-0.45367998,0.30423546,-0.44876215,0.60079473,-0.35675412,0.44823614,-0.36144346,1.0,0.00054478727,0.0,0.0,1.1055161,0.51310563,-0.17036857,0.5100006,0.57899463,0.25485122,0.38903737,0.26731983,0.50688094,0.13971354,0.50061363,0.1505831,0.51903355,0.092869565,0.483034,0.109792225,0.5360331,0.12918067,0.45880926,0.14899775,0.79076844,0.99229753,0.1933947,1.0,1.0077963,1.7729305,0.04435032,1.7713851,1.1867752,2.4351666,-0.09010249,2.4303646,1.1285745,2.523577,-0.025519667,2.5054367,1.3337086,2.6812778,-0.26107952,2.6806889
1139.jpg,0.5225944,-0.42916533,0.57136416,-0.49004743,0.5982899,-0.48985308,0.6277301,-0.4903465,0.45411313,-0.48626426,0.40877378,-0.48393184,0.3706499,-0.48212025,0.6789978,-0.44937125,0.30196,-0.44194114,0.59688,-0.35327607,0.44526762,-0.35775915,1.0,0.0019606862,0.0,0.0,1.1026961,0.5093061,-0.16721351,0.5086175,0.5795862,0.25757682,0.38499624,0.27012494,0.5071776,0.14540073,0.4957562,0.15813941,0.5177164,0.09672252,0.4787787,0.11730302,0.5352894,0.13402002,0.45477852,0.15587838,0.7909019,0.9945102,0.19433756,1.0,0.9990524,1.764267,0.033495862,1.7686146,1.1871988,2.4144025,-0.09123488,2.4207675,1.1295817,2.500819,-0.017343998,2.4943063,1.3258364,2.6652403,-0.2745063,2.6661518
1334.jpg,0.50542885,-0.42514312,0.56288165,-0.49493232,0.59020054,-0.49489516,0.6223969,-0.49460658,0.4420179,-0.49094754,0.39520973,-0.48744696,0.3547093,-0.48332694,0.6773916,-0.45649028,0.29177535,-0.44755852,0.5776329,-0.34632447,0.42362374,-0.34858167,1.0,-0.0004690475,0.0,0.0,1.1145233,0.51920015,-0.1754506,0.5144813,0.60327667,0.26824728,0.38405177,0.26915088,0.5172856,0.15129337,0.4849856,0.1557451,0.5163044,0.10206565,0.4645078,0.111973464,0.5373367,0.14020158,0.44657177,0.15000623,0.7733528,1.0044422,0.17522575,1.0,0.98369545,1.7699083,0.0045887004,1.779527,1.1368077,2.4331224,-0.123633094,2.4395719,1.0886395,2.5205598,-0.059737343,2.5237515,1.2859757,2.6953676,-0.28829935,2.699045
1335.jpg,0.50584114,-0.43069333,0.56379354,-0.49728122,0.5917645,-0.49618608,0.6231304,-0.49499768,0.44369727,-0.4951824,0.39660642,-0.49141598,0.35681888,-0.4863024,0.67790806,-0.45458716,0.29312545,-0.4487236,0.5788169,-0.34905744,0.4244044,-0.35227987,1.0,-0.004912714,0.0,0.0,1.115254,0.51454777,-0.1735091,0.50655925,0.58420295,0.263273,0.38324875,0.26493838,0.49284214,0.15111814,0.4831673,0.15539323,0.49538425,0.10009805,0.4660542,0.11058462,0.51802003,0.13529642,0.44884378,0.1464017,0.7713265,1.0050877,0.17282565,1.0,0.9818545,1.7591503,-0.0023406923,1.7795455,1.1366982,2.4194477,-0.12398865,2.4267216,1.0915676,2.5054626,-0.06003785,2.5091407,1.269401,2.6748416,-0.292908,2.6862266
1336.jpg,0.50620824,-0.43145597,0.5656345,-0.49886516,0.5935208,-0.49801463,0.6261987,-0.49713737,0.44375777,-0.49596512,0.39515346,-0.49220473,0.35529566,-0.4870177,0.68063325,-0.4566608,0.29171324,-0.44880965,0.5807642,-0.34991395,0.42350543,-0.3530179,1.0,-0.0014527984,0.0,0.0,1.121639,0.5139441,-0.1717379,0.5093824,0.5913102,0.26220998,0.37199146,0.26728526,0.5001173,0.14639755,0.47951996,0.15203612,0.5024431,0.09657551,0.4601583,0.108284965,0.52510124,0.13332339,0.44186732,0.146416,0.77076393,1.0020772,0.17139685,1.0,0.97628564,1.7566786,0.008432772,1.7700615,1.1380771,2.4291344,-0.1284266,2.4410582,1.0855275,2.5227444,-0.05465947,2.5286422,1.2947502,2.684801,-0.30290648,2.700839
1337.jpg,0.5101968,-0.42147982,0.5702463,-0.488424,0.5974548,-0.4870554,0.6332285,-0.48653847,0.45098174,-0.48749277,0.400912,-0.48468095,0.35920358,-0.48085737,0.685504,-0.44785568,0.2934828,-0.44394618,0.58360356,-0.34131464,0.42575693,-0.3440217,1.0,0.0012397195,0.0,0.0,1.1317273,0.5135986,-0.19171524,0.5115021,0.589003,0.2556361,0.37288004,0.26140746,0.4986515,0.14602238,0.4717798,0.15338677,0.5016819,0.0939737,0.45436412,0.10572351,0.5223077,0.12714848,0.43787202,0.14096901,0.7666222,0.9994038,0.16771227,1.0,0.9717854,1.7522842,0.0041430476,1.7546768,1.151634,2.4280188,-0.1269414,2.4212382,1.0910609,2.5209856,-0.062866,2.509411,1.3029683,2.6753438,-0.29427624,2.6781013
1338.jpg,0.50421774,-0.42303228,0.56410074,-0.49154603,0.5911547,-0.49093863,0.6242533,-0.49056184,0.44538823,-0.48912737,0.39738452,-0.48607466,0.35751417,-0.48184842,0.6770533,-0.45168677,0.2924791,-0.4454446,0.57631767,-0.34439024,0.42213017,-0.34719783,1.0,0.005141557,0.0,0.0,1.1282955,0.5138057,-0.174047,0.5140403,0.60285425,0.2614989,0.37173313,0.2496052,0.5092155,0.14678839,0.46583444,0.13416891,0.51165766,0.09498237,0.4464857,0.0884059,0.53106487,0.1305528,0.4299307,0.12592362,0.76276195,1.0043035,0.16414046,1.0,0.96571594,1.7686493,0.011151138,1.7660816,1.1247529,2.4224226,-0.13234381,2.4298732,1.074986,2.5052738,-0.06575689,2.517847,1.2791424,2.6775928,-0.28940886,2.688092
1339.jpg,0.51101846,-0.4264498,0.5679113,-0.49418724,0.59432626,-0.49365863,0.626675,-0.49334863,0.45119566,-0.49116474,0.40251142,-0.4878745,0.36197987,-0.48360595,0.67806816,-0.45525062,0.29495817,-0.44606385,0.5817751,-0.34937063,0.4299686,-0.35157594,1.0,0.004554057,0.0,0.0,1.1296847,0.502447,-0.17879643,0.51237416,0.6151661,0.26221815,0.3480788,0.2597986,0.5298605,0.1417078,0.44970542,0.14264484,0.52736354,0.09315111,0.4363149,0.09792682,0.5446708,0.12860022,0.4222621,0.1325689,0.7629481,1.0017384,0.1698911,1.0,0.9648785,1.7580092,0.0073205465,1.7649573,1.1291205,2.415189,-0.1283456,2.417084,1.0809637,2.5035067,-0.05591415,2.5042071,1.2938918,2.660989,-0.29281282,2.6716318
1340.jpg,0.519685,-0.43832913,0.57383484,-0.5060978,0.5995532,-0.50538534,0.6315999,-0.50469095,0.45955843,-0.504834,0.4109816,-0.502308,0.36963937,-0.49857497,0.68171465,-0.46504804,0.30158842,-0.45828205,0.58922356,-0.35832056,0.43983653,-0.361092,1.0,0.0013509586,0.0,0.0,1.1284913,0.50557446,-0.16917457,0.51771873,0.61302185,0.2623361,0.35235342,0.25800508,0.5299847,0.14433876,0.45509985,0.13722247,0.5285745,0.09271219,0.43729565,0.093847245,0.5470727,0.12997963,0.42084706,0.1303886,0.7679303,1.0046355,0.17753743,1.0,0.97519994,1.7650903,0.016660938,1.7739325,1.1218373,2.446431,-0.13344076,2.4409282,1.0765668,2.5338137,-0.051730726,2.5262156,1.2862777,2.691882,-0.27972722,2.7001498
1341.jpg,0.51557744,-0.44093937,0.57037985,-0.50869286,0.59658587,-0.5081185,0.62775266,-0.507463,0.4535544,-0.50565875,0.4041992,-0.5019935,0.3646559,-0.49726498,0.67872393,-0.46671367,0.29641968,-0.4551676,0.5873897,-0.3607469,0.43682945,-0.36299157,1.0,0.0032317676,0.0,0.0,1.1270905,0.4969234,-0.17852272,0.5119317,0.60153055,0.24578574,0.3519863,0.2486797,0.51526034,0.12295611,0.45209274,0.12556678,0.51828974,0.070941046,0.43133932,0.080299675,0.5373675,0.10755409,0.41483912,0.1174069,0.76584363,0.99969935,0.1793212,1.0,0.96213895,1.7393068,0.020501874,1.7545352,1.126089,2.4180355,-0.121154666,2.4226673,1.0695369,2.502355,-0.051506538,2.502989,1.2763631,2.6545968,-0.28763276,2.6777365
1342.jpg,0.5278484,-0.43160632,0.5735386,-0.49464318,0.59837455,-0.49574995,0.6307017,-0.49669176,0.461451,-0.48961812,0.41648468,-0.48731586,0.37746316,-0.48493183,0.677698,-0.4591234,0.30689755,-0.4468234,0.59636426,-0.35553828,0.45257896,-0.35747996,1.0,-0.0036448939,0.0,0.0,1.1374933,0.48864642,-0.17191704,0.50968665,0.5933916,0.23437905,0.35718456,0.24263598,0.50905764,0.12253904,0.46582127,0.12415532,0.5136628,0.06834048,0.4430231,0.07441869,0.5307577,0.10642862,0.42112395,0.11634426,0.7777837,0.9996567,0.19152105,1.0,0.9735453,1.754926,0.025747849,1.750995,1.1363802,2.4207766,-0.10129823,2.4148743,1.083509,2.5063248,-0.04474842,2.4904432,1.2723814,2.6659586,-0.27290145,2.6660702
1343.jpg,0.5294099,-0.43196055,0.57902896,-0.49558088,0.6047703,-0.495581,0.63499254,-0.49564183,0.46355954,-0.49203092,0.4180507,-0.49002144,0.3803144,-0.4883365,0.6808276,-0.45567414,0.3104216,-0.44967186,0.59939086,-0.35558066,0.45109913,-0.35841444,1.0,-0.008487627,0.0,0.0,1.1454211,0.47957018,-0.17385702,0.5028304,0.5876568,0.22919723,0.35878956,0.23274869,0.4980864,0.12079618,0.47235948,0.1150181,0.50368834,0.06699511,0.45285466,0.06858691,0.5218053,0.106921814,0.42932835,0.111912675,0.7954682,0.9989657,0.20175514,1.0,0.9927451,1.7533063,0.029488131,1.7487223,1.1735868,2.3979485,-0.09963407,2.4088223,1.1208345,2.483935,-0.026855702,2.4846084,1.2911855,2.648251,-0.2688557,2.6608086
1344.jpg,0.51453656,-0.42232817,0.56920564,-0.48552135,0.5969347,-0.48573548,0.6246192,-0.4865273,0.45246118,-0.4821512,0.4082797,-0.48004296,0.37236956,-0.47894415,0.67607033,-0.447904,0.30648324,-0.44379073,0.5888499,-0.3443976,0.4389784,-0.34883168,1.0,0.00016557895,0.0,0.0,1.1311958,0.47846326,-0.16885002,0.49888647,0.5837496,0.23140407,0.3567555,0.23785613,0.49680546,0.12352122,0.4659802,0.12298312,0.50073946,0.071448274,0.449709,0.07553863,0.5189732,0.10721827,0.42844087,0.11524869,0.7806362,0.9969389,0.19503842,1.0,0.9756155,1.7285535,0.024577029,1.738191,1.156853,2.373431,-0.09664802,2.3858519,1.1088432,2.460044,-0.029477997,2.4575655,1.2761393,2.6222486,-0.25970316,2.6379018
1501.jpg,0.5045882,-0.4129354,0.5742569,-0.48447716,0.6040802,-0.48305514,0.63397306,-0.48081902,0.45028535,-0.4839953,0.4028259,-0.48181105,0.36543024,-0.4790442,0.69055265,-0.4449175,0.30373698,-0.44543505,0.5787159,-0.33129472,0.4238234,-0.3381614,1.0,0.0015083256,0.0,0.0,1.1065917,0.51534086,-0.17923589,0.51400375,0.5902472,0.2656212,0.3526104,0.25123268,0.50651175,0.14507309,0.44382787,0.1270415,0.50812787,0.09669496,0.42647892,0.087777905,0.5268825,0.1339515,0.412499,0.123887986,0.7791128,0.99548215,0.18822463,1.0,0.9950897,1.7441181,0.026244929,1.7462981,1.147102,2.3962905,-0.095109776,2.4018602,1.0942808,2.4847927,-0.025969326,2.4797978,1.2970426,2.644199,-0.2531796,2.67076
1502.jpg,0.49860042,-0.41304183,0.5652524,-0.48450965,0.5946288,-0.48322424,0.6270314,-0.4820403,0.4417871,-0.48084003,0.3945484,-0.4775168,0.3559588,-0.47364536,0.6806796,-0.445827,0.29589197,-0.4379117,0.5760274,-0.33132535,0.41874748,-0.33606094,1.0,0.004664454,0.0,0.0,1.1011245,0.5157952,-0.18537748,0.5017767,0.5791161,0.25219312,0.3633005,0.24406414,0.49709696,0.1305094,0.44856048,0.1256437,0.4983208,0.084020436,0.43342125,0.08736535,0.51811296,0.120620616,0.41987628,0.12313182,0.7632129,0.9928846,0.17036663,1.0,0.9839671,1.7393603,0.015944188,1.7404473,1.1401874,2.3956223,-0.11987264,2.396931,1.0812343,2.4879465,-0.05174457,2.4774015,1.2994795,2.6411915,-0.27828646,2.658774
1503.jpg,0.49798656,-0.41827908,0.5659208,-0.48943588,0.5947972,-0.48825267,0.6268868,-0.48743063,0.44342262,-0.48629203,0.39626303,-0.48332986,0.35840833,-0.47989193,0.6817216,-0.45205235,0.29791784,-0.44644868,0.5744447,-0.33775902,0.41822723,-0.34020633,1.0,0.004447754,0.0,0.0,1.0973668,0.5198044,-0.18275248,0.5117554,0.588147,0.26017848,0.35445946,0.26091656,0.5098319,0.14336027,0.45243746,0.14390552,0.512684,0.09419733,0.43581676,0.10269946,0.53105634,0.12896666,0.41910395,0.13827421,0.76684237,0.9933567,0.17428933,1.0,0.975795,1.7401284,0.022076327,1.745505,1.1406715,2.404748,-0.12081802,2.4077785,1.0817466,2.4967918,-0.052910645,2.495002,1.2943078,2.6530805,-0.28171933,2.6664612
1504.jpg,0.5087494,-0.432464,0.56842995,-0.50126594,0.59468997,-0.5002415,0.6283584,-0.4997091,0.45085117,-0.4993275,0.40195364,-0.49612153,0.36208275,-0.49195373,0.67981356,-0.46096283,0.29791453,-0.45488322,0.580197,-0.3502588,0.42662865,-0.35460758,1.0,0.0013511893,0.0,0.0,1.1118035,0.50355834,-0.17833084,0.50647557,0.5856313,0.26714054,0.354626,0.26080912,0.49610993,0.15456346,0.45976922,0.14766483,0.49838272,0.10600881,0.4425431,0.104434595,0.51960903,0.14121282,0.42195514,0.14129001,0.77154684,1.0009664,0.17578292,1.0,0.9763199,1.7455754,0.016313257,1.7462509,1.1491591,2.3967226,-0.13186057,2.3923004,1.0926986,2.4820862,-0.06440382,2.4719393,1.28726,2.6466696,-0.2949874,2.6565254
1505.jpg,0.49027488,-0.4242503,0.5528355,-0.4959566,0.5815113,-0.49620342,0.61152315,-0.49612412,0.43224114,-0.48954383,0.38564685,-0.48569235,0.34865218,-0.48153087,0.6683746,-0.45713884,0.29024437,-0.44514763,0.5663286,-0.34296358,0.41365013,-0.34746835,1.0,0.010093677,0.0,0.0,1.1108675,0.50860256,-0.17597437,0.5137472,0.5888592,0.27050418,0.3485423,0.2622475,0.5050301,0.15237832,0.45139715,0.14356904,0.5076817,0.10482751,0.43097416,0.098130025,0.5279817,0.14207616,0.41071084,0.13653962,0.75947773,1.0009838,0.17197677,1.0,0.963571,1.7377789,0.014199195,1.7497048,1.1407106,2.4097404,-0.13588853,2.3968024,1.0807055,2.4974003,-0.06957498,2.4771078,1.2876557,2.6536796,-0.29035994,2.6618328
1506.jpg,0.48879522,-0.43360668,0.55267984,-0.5027434,0.5812254,-0.50223684,0.6130559,-0.50174046,0.4320393,-0.49804473,0.38523233,-0.49443528,0.34674808,-0.49000332,0.6680102,-0.46191874,0.28647634,-0.45461345,0.563205,-0.3516401,0.4090511,-0.35520267,1.0,0.004689549,0.0,0.0,1.1067804,0.5078903,-0.17377637,0.5180475,0.60155904,0.27354127,0.36084214,0.2683304,0.5157164,0.15876606,0.4670258,0.14990143,0.5171153,0.11011828,0.44583437,0.105874464,0.5387895,0.14565511,0.42579904,0.1423293,0.7635077,0.9994249,0.17690645,1.0,0.96129876,1.738846,0.0034691142,1.7549931,1.109708,2.4266384,-0.1464936,2.4148006,1.0571387,2.5147805,-0.078558214,2.5000088,1.2851063,2.6693115,-0.29578516,2.6714778
1507.jpg,0.49060464,-0.43439236,0.5521267,-0.5039334,0.5805414,-0.50352913,0.6128369,-0.50312096,0.43189988,-0.4984497,0.38484985,-0.49420112,0.3463186,-0.48923936,0.6656553,-0.46440965,0.28528014,-0.45270172,0.5653635,-0.35273236,0.4120877,-0.3546657,1.0,-0.004171031,0.0,0.0,1.1091683,0.50642383,-0.17049375,0.520368,0.60817856,0.27806905,0.36421862,0.2680815,0.521624,0.16692875,0.4700806,0.15203868,0.5248852,0.115725406,0.44903323,0.10497051,0.5467173,0.15085448,0.42803165,0.14076282,0.76789296,1.0010657,0.17903243,1.0,0.95792997,1.7364736,0.0013409056,1.7560955,1.1070178,2.4198992,-0.14912388,2.4173841,1.0536356,2.5069864,-0.07778818,2.503098,1.2753894,2.6667974,-0.295291,2.6753433
1508.jpg,0.4871458,-0.43498027,0.55020946,-0.5038089,0.57909316,-0.50317866,0.6124747,-0.50255865,0.42842755,-0.4993072,0.3808965,-0.49532375,0.34209868,-0.4904284,0.66824585,-0.46410787,0.28293356,-0.4533812,0.564447,-0.3532064,0.40901464,-0.3554062,1.0,-0.0067258566,0.0,0.0,1.1160741,0.5056348,-0.17208788,0.5219224,0.60447794,0.2772832,0.365696,0.26715255,0.5157654,0.1675519,0.46910265,0.15242197,0.51971734,0.11491466,0.44903043,0.103287816,0.54299045,0.14934458,0.42982155,0.13776436,0.77302825,1.0003737,0.17552553,1.0,0.9605173,1.749204,-0.011659627,1.7701484,1.1113609,2.4200308,-0.14978103,2.4190948,1.0635948,2.4995348,-0.07566159,2.498808,1.265622,2.6674118,-0.30179211,2.6865964
1509.jpg,0.49185076,-0.43441552,0.55025893,-0.5029705,0.57804066,-0.5025427,0.6096882,-0.50232494,0.4301944,-0.49744967,0.38252345,-0.49282473,0.34359115,-0.4875044,0.6643868,-0.4638818,0.28386828,-0.44956082,0.5675983,-0.35311398,0.41447002,-0.35575175,1.0,-0.005023304,0.0,0.0,1.1114188,0.5077235,-0.1659591,0.5158276,0.59698534,0.2791571,0.3626385,0.269096,0.50389296,0.17172533,0.46693975,0.15933432,0.5067704,0.12094623,0.44621116,0.11247474,0.53030956,0.15424566,0.4242894,0.14661795,0.7699572,1.0004771,0.17599426,1.0,0.9603973,1.7508065,-0.004440148,1.7515419,1.113249,2.4080763,-0.16024618,2.4104211,1.0602255,2.4920714,-0.089295596,2.4960742,1.2882935,2.6570318,-0.33078372,2.6675951
1510.jpg,0.4882623,-0.4407794,0.5519577,-0.5095393,0.5805918,-0.508713,0.6119151,-0.5080427,0.4289248,-0.5066585,0.38029432,-0.50299937,0.34172955,-0.4983764,0.6709735,-0.46821788,0.28179473,-0.45925108,0.56690294,-0.35765305,0.40832007,-0.3609117,1.0,-0.0070024226,0.0,0.0,1.1127101,0.5067814,-0.17311399,0.5222473,0.5954136,0.26902816,0.37344196,0.25848415,0.50827885,0.15880643,0.47091058,0.14480089,0.511461,0.10996789,0.4539577,0.10030897,0.53426397,0.14483991,0.43528488,0.13543668,0.77677196,1.0024927,0.17680737,1.0,0.9726021,1.7569238,-0.0029937488,1.7658074,1.1167022,2.435071,-0.15484793,2.4283707,1.0659132,2.5200806,-0.080250666,2.5175948,1.3003362,2.6850548,-0.32000005,2.6890428
1511.jpg,0.49213007,-0.42151028,0.5575885,-0.49285996,0.5865438,-0.49183577,0.61944175,-0.4908401,0.43433508,-0.48972598,0.38739094,-0.4867689,0.348505,-0.48286128,0.67523223,-0.45450598,0.2884659,-0.44848844,0.5697323,-0.33977458,0.4126565,-0.34449047,1.0,-0.0032387958,0.0,0.0,1.1071633,0.513082,-0.1772258,0.5188506,0.6029015,0.2772304,0.36256877,0.26417032,0.5128332,0.16981913,0.46743375,0.15559024,0.5148529,0.118879706,0.45127487,0.11167277,0.5383724,0.15220465,0.43174917,0.14365223,0.772435,1.0007795,0.17079327,1.0,0.96351993,1.7463474,0.00023201432,1.7637887,1.1061373,2.4264581,-0.1496979,2.419316,1.0587516,2.5114377,-0.07759648,2.5018039,1.285599,2.6748917,-0.29840204,2.6815937
1512.jpg,0.4852154,-0.42080584,0.5508274,-0.49146506,0.5808945,-0.49093336,0.6120047,-0.49000904,0.42568552,-0.48759553,0.37973323,-0.48411724,0.3425348,-0.47944707,0.67180085,-0.45328325,0.2850475,-0.44438067,0.5661266,-0.3403823,0.40670425,-0.34457776,1.0,-0.0008962999,0.0,0.0,1.10287,0.51620466,-0.17382883,0.51734775,0.5975621,0.27776372,0.35640967,0.2654327,0.50939006,0.16997096,0.46014532,0.15826611,0.51136875,0.12087347,0.44626498,0.11352026,0.53390086,0.15472133,0.42687762,0.14575891,0.77285075,0.9994164,0.17111118,1.0,0.95900095,1.7444172,-0.006488493,1.7657609,1.1065071,2.4097779,-0.1638245,2.425374,1.0662327,2.4947155,-0.08980607,2.5061886,1.273161,2.6719332,-0.30065733,2.685815
1513.jpg,0.47624943,-0.42734623,0.541822,-0.49662137,0.57288116,-0.4961339,0.6029864,-0.49515963,0.41915336,-0.49206844,0.37375388,-0.48810858,0.3367859,-0.48326698,0.6656003,-0.4559097,0.28204533,-0.44696844,0.5588741,-0.34590903,0.4001939,-0.34919587,1.0,0.0016451296,0.0,0.0,1.0946581,0.51398224,-0.17592077,0.5144924,0.58190125,0.26993698,0.36861545,0.25713652,0.49445313,0.15868692,0.463203,0.14940166,0.5001357,0.10991878,0.44898313,0.10395059,0.52200764,0.1444838,0.43020362,0.13673773,0.7662195,1.0005028,0.16677302,1.0,0.95472884,1.7410059,-0.014208656,1.7624679,1.0943948,2.4066613,-0.16836543,2.421752,1.0597008,2.4931414,-0.095543385,2.501095,1.2738305,2.663096,-0.30518985,2.6805847
1514.jpg,0.48139334,-0.425099,0.54830045,-0.49527776,0.57904315,-0.49457687,0.60882473,-0.49314487,0.42599815,-0.49158058,0.38035616,-0.48807162,0.343571,-0.48363286,0.6705137,-0.4541502,0.28571272,-0.44684386,0.5617583,-0.34378913,0.40478513,-0.348019,1.0,0.0068637277,0.0,0.0,1.097837,0.51424515,-0.17955461,0.51690984,0.59959966,0.2805761,0.35406792,0.25995433,0.5127689,0.16990188,0.45372966,0.14942579,0.51806885,0.11915087,0.43914655,0.10379423,0.53923887,0.15360948,0.42067763,0.13602813,0.76304585,1.0019265,0.1673692,1.0,0.9560193,1.7373352,-0.006792821,1.7706386,1.109321,2.413548,-0.15360521,2.4211257,1.0742117,2.5032802,-0.077561766,2.5032024,1.2828857,2.6703503,-0.29674894,2.679861
1515.jpg,0.4862684,-0.43024176,0.54965323,-0.50010264,0.5803761,-0.49951297,0.6092966,-0.49815777,0.4265272,-0.49612448,0.37988552,-0.49243072,0.34267545,-0.4878636,0.6704344,-0.45681065,0.28229395,-0.45034754,0.5664079,-0.3495871,0.40917718,-0.35432613,1.0,-0.0022208053,0.0,0.0,1.1033643,0.50815916,-0.17534642,0.5165469,0.58853143,0.27257708,0.34287468,0.25378212,0.49497956,0.16513945,0.44121283,0.14260347,0.5021398,0.11409191,0.4296982,0.09696262,0.5260882,0.14796737,0.4132576,0.12813306,0.767557,1.00248,0.16999795,1.0,0.96103436,1.7409652,-0.0114061935,1.764084,1.1005433,2.3988333,-0.16258375,2.423745,1.0664064,2.486563,-0.084243275,2.5072448,1.2615069,2.6562688,-0.31216547,2.6773374
1516.jpg,0.49049103,-0.42880675,0.55318886,-0.49922538,0.58287424,-0.49862853,0.61172324,-0.49729165,0.4315794,-0.49488226,0.38409182,-0.49073666,0.3463762,-0.48581666,0.67187816,-0.4559733,0.28452748,-0.4472954,0.569951,-0.34763837,0.413406,-0.35156065,1.0,0.0027620282,0.0,0.0,1.0964919,0.51005214,-0.16968471,0.51705617,0.5860109,0.271952,0.35612762,0.25652513,0.49629372,0.16255277,0.45709836,0.14639162,0.50323474,0.1120107,0.44176927,0.10011213,0.5264521,0.14652629,0.42341334,0.13190465,0.7696164,1.0017918,0.17567872,1.0,0.9625852,1.74032,-0.0039220243,1.7529681,1.0989621,2.399665,-0.16950488,2.4068468,1.0615783,2.4852464,-0.09452066,2.48775,1.2676044,2.6581256,-0.31036267,2.663118
1517.jpg,0.48846036,-0.42879272,0.5524151,-0.49823403,0.5829181,-0.49749428,0.61160135,-0.49601576,0.43055105,-0.49500677,0.3838036,-0.4914335,0.34635156,-0.4869108,0.67207855,-0.45477748,0.28677914,-0.44925067,0.567679,-0.34786037,0.41134784,-0.35247624,1.0,0.0038524303,0.0,0.0,1.0978748,0.50973696,-0.17197429,0.5177598,0.5837521,0.27708462,0.3610926,0.26081675,0.491513,0.16897386,0.46173438,0.15159486,0.49787617,0.11772469,0.4475798,0.106807984,0.5209703,0.1518915,0.42841104,0.13903292,0.76352483,1.0011872,0.17453825,1.0,0.95254266,1.734373,-0.005620866,1.7575694,1.0963236,2.3949893,-0.1629803,2.4083395,1.0531784,2.4805372,-0.09139997,2.4880528,1.2688544,2.6518624,-0.30373555,2.667934
1518.jpg,0.4979905,-0.4238804,0.5594558,-0.49412605,0.58806705,-0.49317747,0.6183464,-0.49189672,0.43866485,-0.4913525,0.3916383,-0.48816293,0.35335067,-0.483813,0.67585033,-0.45093948,0.2913131,-0.44824332,0.57387704,-0.344348,0.41820756,-0.3490951,1.0,0.0021273622,0.0,0.0,1.1005188,0.51135737,-0.1708219,0.5172925,0.58021593,0.27429292,0.37015548,0.262057,0.48634857,0.16877462,0.46845388,0.1564905,0.4941942,0.118123986,0.45728648,0.11265519,0.5180066,0.15224674,0.438075,0.14503826,0.7712451,1.0024083,0.17859837,1.0,0.9558128,1.734552,-0.0056019067,1.7558868,1.0942466,2.3935735,-0.16493267,2.4097998,1.0524801,2.4823115,-0.09229326,2.4912517,1.2714578,2.6510255,-0.30051985,2.6678796
1519.jpg,0.4909797,-0.41698956,0.5525245,-0.48621166,0.5816323,-0.4857808,0.61199,-0.48517683,0.4320907,-0.48379558,0.38682047,-0.48119497,0.34854,-0.47768906,0.6712812,-0.44716296,0.28819576,-0.44403166,0.56642115,-0.33928046,0.4128807,-0.34383306,1.0,0.0010406508,0.0,0.0,1.1121545,0.5106747,-0.16856636,0.51313084,0.5774092,0.28138432,0.37948576,0.25167534,0.4810106,0.17370573,0.47031936,0.14723165,0.4905056,0.12318601,0.457494,0.10294649,0.51409596,0.15724473,0.43833336,0.13350944,0.76866096,0.99912363,0.17419322,1.0,0.964967,1.7331644,-0.011664457,1.767052,1.1063591,2.404138,-0.16961727,2.4210641,1.0604448,2.5001106,-0.0934741,2.5051422,1.2832943,2.653953,-0.32777026,2.6785069
1520.jpg,0.4954332,-0.42520002,0.5561785,-0.49499258,0.58498275,-0.4942956,0.61557513,-0.49348643,0.43518576,-0.4925752,0.38948253,-0.48981032,0.35099757,-0.48597103,0.673197,-0.4552489,0.290346,-0.45197606,0.57037216,-0.34497786,0.41625214,-0.34974492,1.0,-0.0021907464,0.0,0.0,1.106213,0.5109474,-0.16816276,0.52065253,0.5711457,0.2735164,0.38418388,0.25955528,0.4809681,0.16646124,0.48010507,0.15478894,0.49057764,0.118236236,0.46907502,0.11092257,0.51305646,0.1530978,0.44760954,0.14358409,0.7739616,1.0042378,0.17695247,1.0,0.95735574,1.736043,-0.0042746537,1.7653588,1.1052094,2.4095418,-0.16718349,2.4294121,1.0622346,2.5019293,-0.094193324,2.5095992,1.2679956,2.6642244,-0.31174785,2.690754
1521.jpg,0.48812145,-0.42546496,0.55184764,-0.4957667,0.580306,-0.49475938,0.61211294,-0.4940773,0.43084198,-0.49310327,0.3837853,-0.48995137,0.34567285,-0.48602346,0.66982764,-0.45578405,0.28493005,-0.448478,0.56545836,-0.34479713,0.40986753,-0.34809738,1.0,0.003971024,0.0,0.0,1.1151735,0.5136306,-0.17299142,0.51711994,0.5895363,0.28258377,0.36539102,0.2585731,0.49976352,0.17318954,0.45812494,0.15294187,0.50612575,0.12460036,0.44528756,0.10998682,0.5274654,0.1587726,0.42759112,0.1412492,0.772494,1.0044972,0.17776476,1.0,0.9638018,1.7541298,-0.0054358835,1.7641008,1.0989579,2.4135072,-0.16983959,2.4175825,1.0545442,2.504319,-0.100562185,2.4994159,1.2643254,2.6677604,-0.3047578,2.678431
1522.jpg,0.5001295,-0.43736005,0.5594802,-0.5075106,0.58634406,-0.5064762,0.61975795,-0.50576717,0.44150305,-0.50474745,0.39420176,-0.50107163,0.35420746,-0.49685958,0.6725646,-0.46708965,0.29104334,-0.46229008,0.5725325,-0.3558495,0.41748306,-0.35962918,1.0,-0.004727019,0.0,0.0,1.1150848,0.5106846,-0.15830173,0.52342343,0.5808199,0.2772886,0.38574225,0.2605341,0.4939685,0.1662406,0.4779881,0.14827827,0.50020283,0.118997306,0.46430922,0.10514285,0.5218165,0.15313764,0.4444966,0.13766721,0.77716225,1.002562,0.18109398,1.0,0.9686367,1.7456158,-0.002150333,1.7822369,1.106138,2.437373,-0.1663913,2.446397,1.0593677,2.5362265,-0.09003402,2.5303915,1.2840627,2.692333,-0.30643535,2.7064497
1523.jpg,0.5083733,-0.42924854,0.56293607,-0.49834013,0.58789235,-0.49854097,0.6210126,-0.49864975,0.4488402,-0.49548802,0.40227872,-0.49293953,0.36083946,-0.49022806,0.6703584,-0.4591293,0.2943425,-0.45693126,0.5777068,-0.34928995,0.42565086,-0.35498437,1.0,-0.009349033,0.0,0.0,1.1185274,0.5068242,-0.1583559,0.52633435,0.5835045,0.2741808,0.38070568,0.2608576,0.49261007,0.16327554,0.4749657,0.14877822,0.5009071,0.11497088,0.45993376,0.10407401,0.5246553,0.14953834,0.4400165,0.1376543,0.7812934,1.0067512,0.18579674,1.0,0.9704397,1.7432163,-0.00067056983,1.7752638,1.1083486,2.4218843,-0.16396312,2.4319985,1.0605237,2.5169683,-0.08793181,2.5175478,1.2805424,2.6821842,-0.30921832,2.6929111
1524.jpg,0.5136874,-0.43891677,0.56252724,-0.50788534,0.5880177,-0.5080467,0.6221491,-0.5081393,0.4496369,-0.5041119,0.40329948,-0.50062937,0.3618436,-0.49725276,0.66761214,-0.46874124,0.29435194,-0.46191612,0.5811699,-0.3578807,0.4322287,-0.3624083,1.0,-0.007818833,0.0,0.0,1.1371468,0.5065257,-0.15313627,0.52120537,0.57998157,0.27287903,0.38767108,0.25411814,0.48643288,0.16358824,0.482229,0.1395217,0.49554443,0.115767285,0.46502423,0.09739654,0.5208661,0.15041856,0.4453292,0.13147059,0.78229016,1.0070015,0.18568525,1.0,0.9751532,1.758276,-0.0026353966,1.7775526,1.097288,2.4253433,-0.1705985,2.4342098,1.0461546,2.5195758,-0.1016838,2.5193555,1.287877,2.6824217,-0.30887273,2.6973345
1525.jpg,0.49491647,-0.4364122,0.5525059,-0.50404304,0.5803505,-0.50458324,0.61209273,-0.50516546,0.43566954,-0.50008243,0.39147064,-0.49756682,0.35364002,-0.4949558,0.669093,-0.46411481,0.296256,-0.45792207,0.57137764,-0.35594413,0.4207692,-0.36075652,1.0,0.0005328795,0.0,0.0,1.132112,0.51226664,-0.14757775,0.53201425,0.58745265,0.27498126,0.3593717,0.2715129,0.4992765,0.16115485,0.4619449,0.15087835,0.5054904,0.11109783,0.44124147,0.10671481,0.52828497,0.14791688,0.42065573,0.14467064,0.7815561,1.004105,0.18508077,1.0,0.96628076,1.7629291,-0.0009503748,1.7783896,1.1006616,2.4337842,-0.15350069,2.450235,1.060642,2.521461,-0.07544475,2.5324807,1.2718661,2.6914294,-0.29805586,2.709131
1526.jpg,0.49013972,-0.42791513,0.5475108,-0.49465746,0.5757206,-0.49611157,0.60720694,-0.4978108,0.4298318,-0.4895073,0.38621095,-0.48712596,0.35012698,-0.48534963,0.66677237,-0.4592464,0.29322863,-0.44766876,0.5689647,-0.35124245,0.41916353,-0.35634574,1.0,-8.0982594e-05,0.0,0.0,1.1351362,0.5086607,-0.16554464,0.5229448,0.59109795,0.26675066,0.3589893,0.2563531,0.503422,0.15344727,0.4583716,0.1337496,0.50948304,0.10131786,0.43580183,0.08633505,0.5331867,0.13903894,0.4160328,0.12599888,0.77277565,1.0036485,0.17932649,1.0,0.97045577,1.757963,-0.003242449,1.760799,1.1161646,2.4421403,-0.15263206,2.4231853,1.0611485,2.524976,-0.074995145,2.5027397,1.2770482,2.6836262,-0.2923976,2.6874464
1527.jpg,0.50762314,-0.4095365,0.55860436,-0.47582138,0.5849933,-0.47670394,0.61435425,-0.47825378,0.44347227,-0.4711947,0.39915034,-0.46929076,0.36349314,-0.46796447,0.66808915,-0.44282013,0.29957432,-0.43201932,0.5827594,-0.33395267,0.4353153,-0.33909506,1.0,0.0059573893,0.0,0.0,1.1312002,0.5034884,-0.15748177,0.5217155,0.58444786,0.26659498,0.3659747,0.254239,0.49767727,0.1556091,0.4684868,0.13700391,0.5044406,0.10331911,0.44883844,0.09241174,0.52715063,0.14068413,0.4297697,0.12945928,0.7727568,0.99974436,0.18069959,1.0,0.96750915,1.740664,0.0030060725,1.7526331,1.1154617,2.4074244,-0.14473946,2.4003167,1.064865,2.4905243,-0.068849884,2.4844291,1.2733678,2.6515164,-0.28157198,2.660274
1601.jpg,0.49284464,-0.44084042,0.5540345,-0.50716776,0.5823703,-0.5064927,0.6133723,-0.5058504,0.4298594,-0.5032241,0.38177076,-0.49909708,0.34338072,-0.4935148,0.6714148,-0.46594992,0.2848681,-0.45375574,0.57152426,-0.3588502,0.41323444,-0.36000994,1.0,-0.0057327473,0.0,0.0,1.117823,0.51199776,-0.16560444,0.5157187,0.57894516,0.26809043,0.38019767,0.26928073,0.486453,0.15621282,0.48663267,0.15933387,0.49008763,0.107538305,0.4701569,0.11365777,0.51306343,0.14103664,0.44940585,0.14805126,0.76298183,1.0013212,0.16229838,1.0,0.95718604,1.7493746,0.007697681,1.7572393,1.1367635,2.4217684,-0.145442,2.4374483,1.0953704,2.5148456,-0.08138853,2.5242698,1.3022434,2.679088,-0.31768352,2.700582
1602.jpg,0.4929711,-0.44267926,0.5529111,-0.51099855,0.58169407,-0.51011163,0.61219525,-0.50896716,0.42982888,-0.5067509,0.3813642,-0.50184256,0.3430571,-0.49601203,0.66956705,-0.46761703,0.28360063,-0.45545676,0.5710639,-0.3607605,0.41368976,-0.36216518,1.0,0.0025126345,0.0,0.0,1.118652,0.5179485,-0.15932441,0.5174561,0.57604134,0.26615334,0.38677365,0.2607172,0.48906085,0.14853972,0.48962933,0.1484764,0.49287462,0.10055195,0.47292235,0.10070007,0.51590055,0.13872051,0.45229053,0.13659218,0.76402104,0.99871004,0.16795366,1.0,0.943247,1.758426,0.009381267,1.7542294,1.1119454,2.4339373,-0.1379524,2.448789,1.0663275,2.5301573,-0.087399736,2.533995,1.2982554,2.685267,-0.29971185,2.7088118
1603.jpg,0.49493042,-0.42730808,0.5494775,-0.49682853,0.5782965,-0.49730867,0.6090405,-0.49727252,0.43024904,-0.4921884,0.38467285,-0.488297,0.3459143,-0.48415357,0.66659117,-0.45715925,0.28617492,-0.44468328,0.5719995,-0.35088482,0.42022887,-0.35293812,1.0,0.0031694015,0.0,0.0,1.1186054,0.51128346,-0.17923096,0.5192233,0.57994384,0.26432547,0.40115234,0.2666896,0.49184632,0.15232591,0.5073975,0.15835145,0.49760926,0.1047994,0.4900232,0.114685826,0.52048403,0.13897662,0.46809328,0.14972696,0.76116884,1.0027256,0.1630542,1.0,0.94503176,1.7617549,-0.0040698242,1.7627013,1.111944,2.4326408,-0.15161805,2.4359772,1.0685565,2.5242877,-0.0835434,2.528885,1.2963251,2.6839323,-0.31635225,2.7001665
1604.jpg,0.5085968,-0.4123553,0.56511223,-0.47881138,0.5926184,-0.479742,0.6232261,-0.4808117,0.44699833,-0.47586834,0.40143582,-0.47428933,0.3627156,-0.4728612,0.6800467,-0.44351566,0.29835775,-0.43807295,0.582911,-0.3390271,0.43028972,-0.342985,1.0,0.006760671,0.0,0.0,1.1191872,0.5165214,-0.15637995,0.521297,0.57723516,0.27298182,0.39296368,0.27247778,0.48624733,0.16424178,0.49996692,0.16205402,0.49694705,0.115221374,0.48708737,0.11908507,0.518946,0.1478269,0.46253997,0.15394121,0.76854646,0.99979746,0.17203037,1.0,0.9528203,1.7524712,0.01882951,1.7524673,1.1245724,2.4213321,-0.12693112,2.4216511,1.0795242,2.5127048,-0.06516736,2.504613,1.3000968,2.6704216,-0.28706157,2.68293
1605.jpg,0.51198345,-0.41891944,0.5665361,-0.4841807,0.59413815,-0.48469344,0.6247428,-0.48544174,0.44888744,-0.48208156,0.40416873,-0.48027506,0.36525244,-0.47849923,0.6787186,-0.44736332,0.30019283,-0.4422752,0.5844759,-0.34437814,0.4317485,-0.34861508,1.0,0.006320444,0.0,0.0,1.1208068,0.51246136,-0.15424459,0.5164819,0.5784021,0.2653535,0.39637214,0.26705372,0.4855298,0.15626504,0.50286984,0.15552354,0.49637648,0.1067576,0.4898363,0.1122037,0.51908314,0.14077953,0.46595073,0.14892781,0.7684946,1.0000383,0.17268313,1.0,0.95111704,1.7507688,0.014958062,1.7494584,1.1091077,2.4089794,-0.13051897,2.4159298,1.0656154,2.498859,-0.06686947,2.5039086,1.2893506,2.6608696,-0.28686216,2.6728363
1606.jpg,0.5044651,-0.4199966,0.5633939,-0.4865567,0.5910096,-0.48669118,0.62222266,-0.48748517,0.4445767,-0.48552218,0.39967293,-0.48457235,0.3607043,-0.4835344,0.6781312,-0.44978136,0.29610598,-0.44973275,0.5773478,-0.34407914,0.4240021,-0.34872028,1.0,0.005751613,0.0,0.0,1.1204665,0.5133185,-0.15380052,0.5170353,0.5837757,0.27105936,0.39225954,0.26791763,0.49165925,0.15989594,0.50130445,0.15117095,0.50298023,0.10979263,0.4838513,0.10935431,0.5255294,0.14390674,0.460251,0.14490208,0.7728379,1.0023081,0.18017083,1.0,0.9695188,1.7600378,0.0075573535,1.7651935,1.1202213,2.4278495,-0.13039929,2.428623,1.0814214,2.513045,-0.07230597,2.5128682,1.2772866,2.6739175,-0.28801462,2.6981826
1607.jpg,0.5101673,-0.41899088,0.5665404,-0.4864915,0.5934238,-0.4866981,0.6250673,-0.48736593,0.45003545,-0.48536178,0.40538916,-0.48422256,0.36582845,-0.4825903,0.67948073,-0.44948196,0.30149907,-0.4473257,0.5824955,-0.342668,0.4313893,-0.3472944,1.0,0.005944127,0.0,0.0,1.1202186,0.5105012,-0.15784925,0.5172095,0.58456695,0.27405345,0.37599483,0.27631932,0.48988977,0.16697022,0.49084803,0.16455705,0.4978748,0.11581367,0.47840425,0.12240686,0.5213454,0.14934796,0.45442575,0.1575294,0.77425456,0.9977213,0.18215199,1.0,0.96128047,1.7438171,0.016515851,1.7602233,1.1113671,2.4153306,-0.1314315,2.4312365,1.074566,2.505879,-0.072019,2.5186584,1.2833561,2.6641712,-0.29057857,2.6924627
1608.jpg,0.51250595,-0.4373424,0.5695169,-0.5072347,0.59599435,-0.50664735,0.6276883,-0.5063222,0.45340884,-0.50531113,0.40537372,-0.50239384,0.36530337,-0.4983679,0.6799053,-0.46701518,0.29968485,-0.45973477,0.5840897,-0.3577908,0.43226528,-0.36085284,1.0,0.0063797953,0.0,0.0,1.1260241,0.5194256,-0.16594732,0.5237592,0.5876667,0.27623302,0.38344714,0.27437016,0.49713382,0.16249804,0.48989618,0.15740559,0.5059586,0.11180885,0.47369832,0.11373612,0.5278208,0.14708309,0.45174462,0.15007633,0.77628666,0.99813795,0.18351628,1.0,0.9684433,1.755709,0.019147107,1.7646067,1.1225121,2.4358978,-0.12958936,2.4397182,1.0840536,2.5264468,-0.0649131,2.5256946,1.2918038,2.6849642,-0.28952748,2.6977112
1610.jpg,0.50375414,-0.43103725,0.56149244,-0.5008238,0.5893733,-0.50044817,0.6199524,-0.499882,0.4422433,-0.4960928,0.39626113,-0.49201128,0.35754088,-0.48683897,0.6761646,-0.4607289,0.2954678,-0.44916964,0.57976466,-0.35052466,0.42686558,-0.35337397,1.0,0.0055477037,0.0,0.0,1.1216116,0.5213686,-0.16847636,0.51972145,0.5883877,0.27613783,0.39387935,0.26926297,0.49851772,0.16384225,0.49896342,0.15741082,0.5059572,0.11463711,0.48345464,0.11485295,0.5276112,0.14913563,0.46099076,0.1497465,0.77723634,0.9958534,0.17878915,1.0,0.9644351,1.7422749,0.017119965,1.7608517,1.1283826,2.4293795,-0.12865397,2.43299,1.0963565,2.520908,-0.063360296,2.5159142,1.2900828,2.6719828,-0.29164118,2.6927211
1611.jpg,0.50006354,-0.42820245,0.5587371,-0.4976716,0.5870157,-0.49738964,0.6179815,-0.4967906,0.43841943,-0.49315903,0.39200243,-0.48909,0.3532762,-0.48395446,0.6762991,-0.45803806,0.29243782,-0.44625312,0.57709044,-0.34861967,0.42285204,-0.35101348,1.0,0.0022193273,0.0,0.0,1.121095,0.51728886,-0.16319804,0.5151249,0.5892955,0.27159995,0.3968152,0.2654076,0.5036862,0.15679844,0.49648577,0.1527912,0.5087296,0.110560924,0.47921303,0.110441685,0.52955836,0.14550452,0.4590744,0.14549513,0.77805036,1.0026263,0.1797988,1.0,0.9696728,1.7580802,0.012631277,1.7594528,1.1286677,2.4128256,-0.1361702,2.4245038,1.0823095,2.5016184,-0.069388784,2.5074265,1.3007201,2.6615427,-0.2929533,2.6791844
1612.jpg,0.49770886,-0.43512037,0.556208,-0.5037981,0.58412457,-0.50309616,0.6149997,-0.5022243,0.43443507,-0.4990215,0.3872574,-0.4945584,0.34782982,-0.48886946,0.67078495,-0.46140495,0.2853517,-0.44940624,0.5743175,-0.35288,0.41734958,-0.35571837,1.0,0.003477362,0.0,0.0,1.1116898,0.51091605,-0.16721764,0.5138088,0.57052994,0.26812452,0.40159926,0.2643838,0.4780347,0.1618759,0.5049031,0.15633442,0.48677185,0.111098446,0.4869087,0.112598374,0.5102989,0.14323883,0.46353602,0.14610872,0.7657325,0.99920005,0.17185204,1.0,0.9524469,1.7426134,0.008110407,1.7597094,1.1422585,2.3970788,-0.13594075,2.4128025,1.0940659,2.486475,-0.0818637,2.4927309,1.2914672,2.6539276,-0.28888705,2.6724658
1613.jpg,0.4939039,-0.43278992,0.5529168,-0.50194144,0.5813224,-0.50134385,0.6119346,-0.5003692,0.43076965,-0.49681905,0.38408008,-0.49227265,0.34503204,-0.48657098,0.668878,-0.4602115,0.28442937,-0.4474828,0.5715974,-0.35104746,0.4148265,-0.35376215,1.0,0.005993453,0.0,0.0,1.109321,0.5168172,-0.16933833,0.51833344,0.5747253,0.2712383,0.39833748,0.266009,0.48713985,0.16194077,0.50558907,0.15930632,0.49197227,0.113185026,0.48727527,0.11531852,0.51461023,0.1466588,0.46323153,0.14859796,0.76544213,1.0042312,0.17055555,1.0,0.95659804,1.753666,0.009951773,1.7628484,1.1420531,2.4184756,-0.14101508,2.4347034,1.0943313,2.513459,-0.07606668,2.5197797,1.3082751,2.6753824,-0.31739438,2.69549
1614.jpg,0.49335447,-0.4322978,0.5529253,-0.5014268,0.58168215,-0.50107557,0.61228096,-0.5003893,0.42956704,-0.49523827,0.38285756,-0.49045345,0.3438712,-0.48464894,0.66915715,-0.46155939,0.2835379,-0.44559526,0.5723974,-0.35120234,0.41445413,-0.35301936,1.0,0.0030510905,0.0,0.0,1.1123865,0.5155029,-0.16709271,0.51996845,0.5723511,0.27143705,0.390613,0.26886407,0.4855734,0.16232298,0.5005681,0.1633259,0.4888215,0.11392665,0.48272088,0.11868877,0.51102304,0.14732817,0.45820442,0.15193106,0.76894796,1.0049622,0.16701928,1.0,0.96091187,1.7572938,0.0037527764,1.765622,1.142163,2.4249363,-0.14386384,2.4321663,1.0938066,2.5188072,-0.07751461,2.517086,1.3129902,2.6746821,-0.31917584,2.6947534
1615.jpg,0.498901,-0.43643954,0.5572759,-0.5043538,0.5853433,-0.50386286,0.6159908,-0.50315034,0.43575013,-0.49937627,0.38900426,-0.49492696,0.34990966,-0.4891332,0.6723868,-0.4627019,0.28796732,-0.44918063,0.57603985,-0.35512617,0.41955543,-0.3568293,1.0,-0.00062819844,0.0,0.0,1.1164438,0.5114736,-0.16369234,0.51826817,0.57824415,0.26756006,0.40512928,0.26456738,0.48570764,0.16110146,0.5109567,0.156863,0.49255708,0.11017714,0.49256617,0.113751486,0.5155018,0.14262998,0.46861473,0.14773549,0.7662083,1.0009731,0.1721888,1.0,0.954973,1.751307,0.008416764,1.7580006,1.1253738,2.4112632,-0.13154837,2.4204135,1.0782886,2.5025585,-0.069785744,2.5039067,1.3155738,2.6615741,-0.295471,2.679048
1616.jpg,0.50308245,-0.43526056,0.56203204,-0.5039065,0.5893593,-0.5034325,0.62013835,-0.50274307,0.44155622,-0.499408,0.39414313,-0.4951223,0.3554555,-0.4894523,0.67533976,-0.4638818,0.29406145,-0.44942132,0.58050823,-0.3536029,0.42408255,-0.35543424,1.0,-0.0017283966,0.0,0.0,1.1156422,0.5078315,-0.1525799,0.5192313,0.59061426,0.2697675,0.39351204,0.27066195,0.5007594,0.16142416,0.50638825,0.16262485,0.5029869,0.11143531,0.48804545,0.1204485,0.5261507,0.14627458,0.46460098,0.15573369,0.77477837,0.99830854,0.17994682,1.0,0.953548,1.75121,0.024798634,1.7552003,1.1203635,2.4095278,-0.12393337,2.4257116,1.0751995,2.5003934,-0.062047675,2.513539,1.2994444,2.6638622,-0.2892146,2.6824405
1617.jpg,0.5032812,-0.43282607,0.562444,-0.5025739,0.58942056,-0.5019442,0.6203422,-0.50122255,0.4440312,-0.49906138,0.39654818,-0.49529085,0.35725686,-0.4904149,0.6735852,-0.46281752,0.29419798,-0.45203266,0.57912403,-0.35118875,0.42407197,-0.35452193,1.0,-0.00143795,0.0,0.0,1.1261171,0.51513475,-0.16903427,0.52381,0.5917469,0.27549228,0.3753056,0.27470213,0.5013731,0.16508573,0.4825271,0.1610823,0.5062402,0.11469229,0.46555895,0.117244296,0.5277237,0.1496212,0.44468924,0.15398666,0.77514297,1.0028614,0.17539416,1.0,0.9633196,1.7654911,0.0139068775,1.7681504,1.1371673,2.4398277,-0.12857762,2.4373627,1.0951641,2.5261178,-0.06434496,2.5180106,1.3022459,2.6804588,-0.2840434,2.697451
1688.jpg,0.49260348,-0.44725898,0.5482936,-0.51767826,0.57654196,-0.5181307,0.60740244,-0.51826435,0.42602956,-0.5091687,0.3794528,-0.50330365,0.34190324,-0.49711776,0.6651717,-0.47745454,0.28285062,-0.45342946,0.5712284,-0.36559895,0.41918498,-0.3675984,1.0,-0.004990206,0.0,0.0,1.1158442,0.51522416,-0.17201062,0.5203948,0.57208997,0.27239883,0.36723244,0.27655226,0.47786066,0.16891155,0.473426,0.17045683,0.4902605,0.117641225,0.46202773,0.12613483,0.5117187,0.15173648,0.4379717,0.16135783,0.76682174,1.0056852,0.17597139,1.0,0.96672535,1.7511032,0.025346253,1.7637664,1.1309688,2.4138343,-0.116837114,2.4130208,1.0675886,2.5018792,-0.059266504,2.493324,1.3081822,2.6693308,-0.26850808,2.676875
1689.jpg,0.5030009,-0.43253145,0.56079423,-0.50225395,0.5880023,-0.5020509,0.62047464,-0.5016549,0.43991268,-0.49711597,0.3926552,-0.4927413,0.3533978,-0.48736253,0.6774187,-0.4634576,0.291781,-0.44813955,0.5790875,-0.35307908,0.42531434,-0.35568923,1.0,-0.0097370315,0.0,0.0,1.1192497,0.5083422,-0.15539509,0.51251924,0.58501726,0.2781724,0.38482928,0.27338722,0.49143925,0.1751165,0.49518463,0.16960339,0.49944773,0.12563412,0.48333228,0.12615885,0.52126473,0.15898699,0.45774946,0.16038494,0.7786947,0.9983225,0.17702712,1.0,0.96503633,1.7464134,0.026360298,1.7565155,1.1335772,2.4088674,-0.11062652,2.4137723,1.0845413,2.4920561,-0.04163431,2.4965947,1.2927041,2.6615963,-0.29002723,2.672981
1690.jpg,0.4962989,-0.43194076,0.55350584,-0.50186867,0.5806537,-0.5020403,0.6113867,-0.5022035,0.4322956,-0.49592137,0.3849905,-0.49108517,0.34664726,-0.48506704,0.66824204,-0.46528384,0.2847818,-0.4444896,0.574737,-0.35198796,0.42087477,-0.35398874,1.0,-0.006946561,0.0,0.0,1.111431,0.505959,-0.16040988,0.5142933,0.5848631,0.27725908,0.37855294,0.27619728,0.49157044,0.17410071,0.4819628,0.16959164,0.50007594,0.12518223,0.46935552,0.12484389,0.522789,0.15762815,0.4463943,0.15845563,0.77383286,0.9968546,0.17538019,1.0,0.96387476,1.7411059,0.027518673,1.7571037,1.1297283,2.397236,-0.11571394,2.4042397,1.0837909,2.4797714,-0.050469737,2.487494,1.2828257,2.6499605,-0.27894133,2.6601841
1691.jpg,0.50954795,-0.42288986,0.56806207,-0.49264604,0.59532136,-0.49177247,0.6306483,-0.4910212,0.45083445,-0.49042094,0.40167993,-0.48794904,0.35971203,-0.4842479,0.6789871,-0.45382297,0.29785994,-0.44779408,0.58086056,-0.34078002,0.42590278,-0.3437804,1.0,-0.0036300847,0.0,0.0,1.1195964,0.51287323,-0.17850108,0.5093283,0.5834891,0.2827273,0.4062543,0.27945232,0.4885217,0.18302734,0.5199759,0.18362938,0.49557415,0.1353937,0.50855875,0.14019178,0.519142,0.16694656,0.48192728,0.17019378,0.7776629,0.9975652,0.17848961,1.0,0.98464966,1.7316421,0.021309054,1.7488456,1.1441648,2.3882875,-0.11081535,2.3963947,1.0831406,2.4815936,-0.046471853,2.478062,1.3176949,2.6450999,-0.26889536,2.6569977
1692.jpg,0.51099503,-0.42359775,0.5662848,-0.49304667,0.5946469,-0.49247766,0.6308225,-0.49230036,0.4479972,-0.48975617,0.39827886,-0.4864597,0.35593095,-0.48230553,0.6770355,-0.45463648,0.2920454,-0.44545877,0.5821926,-0.34102938,0.4274281,-0.34334916,1.0,-0.0054039606,0.0,0.0,1.1007422,0.50829506,-0.18208964,0.50613,0.5667452,0.2684216,0.39390802,0.27447027,0.47953862,0.16586758,0.5023697,0.18268384,0.48654145,0.117782764,0.49122447,0.13492139,0.50731367,0.15061995,0.46742845,0.16614927,0.7755531,0.9928066,0.18271044,1.0,0.98314416,1.7230419,0.028676119,1.7408686,1.1435741,2.3876781,-0.11285417,2.3928547,1.0857933,2.4808822,-0.04611148,2.477035,1.3113738,2.6425905,-0.2676943,2.651608
1693.jpg,0.49947158,-0.42404127,0.56281,-0.49490178,0.59087026,-0.49402052,0.6261496,-0.49346945,0.44037792,-0.49214786,0.39081037,-0.48954004,0.35108697,-0.48590237,0.678094,-0.45569047,0.29069775,-0.45129484,0.5745662,-0.34298682,0.41773084,-0.34551764,1.0,-0.005268721,0.0,0.0,1.1025152,0.51144797,-0.17751937,0.51666564,0.5755884,0.26385438,0.38722622,0.26604432,0.4894967,0.1537859,0.48922697,0.1609292,0.49727908,0.10598741,0.4728614,0.11492216,0.5169149,0.13911553,0.45272908,0.14793345,0.774946,0.989902,0.18998659,1.0,0.9749838,1.7211487,0.043444492,1.7412387,1.1356497,2.3884876,-0.10429799,2.4025464,1.0700896,2.491201,-0.034394015,2.4940698,1.3093448,2.64276,-0.25799227,2.66076
1694.jpg,0.5062976,-0.41984403,0.568794,-0.48992127,0.5962535,-0.48905593,0.63088834,-0.4883531,0.44874376,-0.48769203,0.3998968,-0.4854937,0.3600803,-0.48223478,0.68180156,-0.4520567,0.29742864,-0.4481929,0.5794333,-0.33992746,0.42593065,-0.34264082,1.0,-0.0040783887,0.0,0.0,1.1030849,0.512724,-0.17280398,0.51755905,0.5952543,0.27615526,0.3872912,0.2705653,0.50656945,0.1686562,0.48812193,0.16321458,0.5135015,0.116950795,0.46880192,0.11579059,0.53362924,0.14902973,0.44873247,0.14762563,0.7778563,0.9902919,0.19563437,1.0,0.97715473,1.7206671,0.048858557,1.7390476,1.1394577,2.387059,-0.09632802,2.4001837,1.0762458,2.4885392,-0.027057434,2.4920623,1.3085327,2.6416378,-0.2508436,2.6574678
1695.jpg,0.50193274,-0.422833,0.5635452,-0.4939751,0.5911765,-0.49308527,0.6265607,-0.4923284,0.44395614,-0.49190202,0.3955591,-0.4895317,0.35520044,-0.48618245,0.6786652,-0.45484224,0.29371247,-0.45163026,0.57539064,-0.34212998,0.4201778,-0.34483683,1.0,-0.006153435,0.0,0.0,1.1022686,0.51424086,-0.17643988,0.5171379,0.589304,0.27603665,0.3818889,0.2704178,0.5006758,0.16532093,0.48095837,0.15897731,0.50788105,0.114497885,0.46260923,0.11241497,0.52714974,0.14702111,0.44346568,0.14539279,0.7793998,0.9904853,0.19902483,1.0,0.980686,1.7317214,0.04702423,1.7367905,1.1416886,2.3991601,-0.09725028,2.397357,1.07639,2.5035763,-0.022057816,2.486279,1.3201494,2.6505833,-0.25904435,2.661923
1696.jpg,0.5045734,-0.42400774,0.5670829,-0.49301758,0.59559214,-0.49191374,0.63212126,-0.4912662,0.44625187,-0.4910408,0.39702842,-0.4887293,0.35610187,-0.48547253,0.6819299,-0.45382273,0.29384246,-0.45057535,0.5778896,-0.34271985,0.4218331,-0.3456135,1.0,-0.0064076604,0.0,0.0,1.1122684,0.51005816,-0.17025998,0.51426727,0.5926731,0.2805547,0.38089877,0.27393728,0.50118715,0.17453827,0.48231977,0.16833012,0.50622827,0.12348113,0.46526882,0.12101936,0.52734035,0.1547336,0.44482738,0.15293689,0.7808423,0.9942253,0.19076513,1.0,0.984145,1.7314423,0.03729228,1.7402469,1.1476142,2.392266,-0.11040029,2.4065454,1.0967826,2.4876184,-0.03225267,2.494671,1.315838,2.6406498,-0.27037346,2.6631415
1697.jpg,0.5048472,-0.4250984,0.5633187,-0.49712646,0.591228,-0.4967258,0.62727463,-0.49679747,0.44452232,-0.49248978,0.3956244,-0.4890828,0.35415968,-0.4851087,0.6759667,-0.45987663,0.2913238,-0.45053852,0.5775932,-0.34401754,0.4245051,-0.3463864,1.0,-0.0100066075,0.0,0.0,1.1124856,0.51028794,-0.16736108,0.51955587,0.60235906,0.28262168,0.37487265,0.26723444,0.50988406,0.17320827,0.47079483,0.15322077,0.51565003,0.120668374,0.45260116,0.10611757,0.5372897,0.1531871,0.4351128,0.13842878,0.78496695,0.9935872,0.19574893,1.0,0.9781813,1.7341806,0.04004425,1.7390788,1.1303177,2.401041,-0.10949104,2.4185777,1.0754837,2.4955127,-0.041642837,2.5056117,1.3018388,2.6506946,-0.2632621,2.6757677
1698.jpg,0.4983447,-0.4321674,0.5558698,-0.5069011,0.582868,-0.5070996,0.61689776,-0.5075714,0.4388968,-0.49966466,0.39099193,-0.4953584,0.35063967,-0.49061787,0.66850144,-0.47081754,0.28913063,-0.45517874,0.573117,-0.35029504,0.42091903,-0.35114518,1.0,-0.010536095,0.0,0.0,1.1140031,0.5193821,-0.1555359,0.52979726,0.6140264,0.2887349,0.349144,0.27751827,0.5225451,0.17655042,0.44760233,0.15848696,0.5248842,0.1234222,0.4347252,0.11025978,0.54653347,0.15651701,0.41815993,0.14333624,0.7816628,0.99512464,0.1976627,1.0,0.9718709,1.7460734,0.047581133,1.7704058,1.1320266,2.4347315,-0.107438594,2.4666388,1.0880237,2.5411606,-0.042474583,2.5600665,1.288613,2.6973188,-0.25288317,2.7190104
1699.jpg,0.50396556,-0.43063036,0.5599347,-0.5050837,0.5870248,-0.5053562,0.6220649,-0.5061757,0.44299015,-0.49763486,0.39454904,-0.493125,0.35301197,-0.4882253,0.67128,-0.46977544,0.2903809,-0.45324594,0.5766488,-0.34939104,0.42602685,-0.34987277,1.0,-0.012930171,0.0,0.0,1.1268413,0.51650065,-0.16005747,0.52914065,0.61484706,0.28880632,0.36226973,0.28334615,0.52397174,0.17705365,0.46215534,0.16488081,0.526087,0.12458719,0.44687876,0.11760181,0.5482802,0.15778032,0.4295216,0.15164979,0.783584,0.99886745,0.20075148,1.0,0.98281676,1.7477888,0.04831857,1.7629315,1.1407001,2.4249878,-0.104320556,2.450072,1.0936816,2.5330343,-0.0298951,2.5452595,1.3167678,2.6931577,-0.27076054,2.7091115
1700.jpg,0.49744296,-0.42567077,0.5548921,-0.49923238,0.5821299,-0.49922013,0.6173285,-0.49965316,0.43754488,-0.49345854,0.38949174,-0.4896063,0.34816924,-0.48540822,0.6683192,-0.46353143,0.28753012,-0.45129862,0.57208943,-0.344672,0.4191989,-0.3457146,1.0,-0.01410353,0.0,0.0,1.1207488,0.51084816,-0.15865086,0.5236941,0.6123976,0.285771,0.37969166,0.26949173,0.51649576,0.18010701,0.48034155,0.16106851,0.52044886,0.123936735,0.46131214,0.11197916,0.5430118,0.15584834,0.44289604,0.14348067,0.786715,0.9936057,0.20144457,1.0,0.9756734,1.7296728,0.03497438,1.7437106,1.1322917,2.4056425,-0.10512188,2.4242072,1.0812032,2.5088792,-0.03178383,2.5143127,1.3228711,2.672669,-0.26706672,2.69305
1701.jpg,0.49050707,-0.42608902,0.55365455,-0.4980306,0.58228743,-0.49749255,0.6181601,-0.49763566,0.43105274,-0.49319327,0.38292333,-0.48960578,0.3432489,-0.48520944,0.67129153,-0.4603788,0.2851881,-0.45071477,0.5677966,-0.34499383,0.4110207,-0.3457328,1.0,-0.011792332,0.0,0.0,1.1195751,0.5047459,-0.17023735,0.5165871,0.5995534,0.27706712,0.37176594,0.27975526,0.5029794,0.17140979,0.47920018,0.17266303,0.50791174,0.118834905,0.4620873,0.12626322,0.5314814,0.15045658,0.4425506,0.15889865,0.78792346,0.99234694,0.1937809,1.0,0.97877854,1.7304412,0.025100412,1.7488059,1.1339616,2.3905015,-0.116823435,2.4112244,1.0856484,2.4808977,-0.0426837,2.4976752,1.2982197,2.6395013,-0.26576218,2.670719
1702.jpg,0.514469,-0.43278834,0.56685364,-0.50050646,0.59440684,-0.50000787,0.6308528,-0.5001334,0.45284167,-0.49701014,0.4048312,-0.4939055,0.3624298,-0.48999885,0.67694885,-0.46343705,0.2971861,-0.45189384,0.5842021,-0.3506129,0.43512595,-0.35212207,1.0,-0.011437553,0.0,0.0,1.1172479,0.51138115,-0.15955587,0.52041954,0.6000284,0.28463253,0.39232624,0.27466163,0.50494266,0.18146577,0.49577755,0.17087331,0.51228225,0.12701613,0.47732493,0.12209841,0.5362203,0.15870637,0.45701456,0.15368174,0.7907201,0.9914705,0.19522768,1.0,0.9809311,1.7481722,0.031509947,1.7546535,1.1245314,2.4195802,-0.12206395,2.4294527,1.0675958,2.5148225,-0.053320944,2.5180957,1.3176613,2.6699584,-0.2702763,2.6866252
1703.jpg,0.5052978,-0.42764643,0.5602258,-0.4980065,0.5867708,-0.49725747,0.6221052,-0.49661136,0.44421536,-0.4946574,0.39592332,-0.49090663,0.3544765,-0.48621944,0.6730196,-0.45820633,0.29104158,-0.447826,0.5778477,-0.3470127,0.42354774,-0.34944126,1.0,-0.010894116,0.0,0.0,1.1163096,0.5042194,-0.1738876,0.51497734,0.58882886,0.2762721,0.37820306,0.27828526,0.49389505,0.17342076,0.49318144,0.18105017,0.49661696,0.12375539,0.477948,0.13532208,0.52113867,0.15598497,0.45389584,0.16602033,0.7835802,0.991117,0.18926734,1.0,0.9839246,1.7377999,0.035825204,1.7406201,1.121384,2.4061162,-0.108211406,2.407976,1.0641497,2.4960256,-0.046788376,2.496673,1.3122622,2.6473432,-0.27891326,2.6711605
1704.jpg,0.495774,-0.4254125,0.5519708,-0.49645203,0.5781807,-0.49631396,0.61186206,-0.49604693,0.43325514,-0.491142,0.38543057,-0.4865629,0.3458103,-0.48104736,0.6674713,-0.45951575,0.28438646,-0.44244158,0.5709453,-0.34664315,0.417681,-0.34813058,1.0,-0.0075291907,0.0,0.0,1.110454,0.50512755,-0.17513119,0.5160936,0.5734151,0.27266553,0.38907188,0.27127105,0.48303962,0.16483164,0.500059,0.16883577,0.48902097,0.117192835,0.48404858,0.12386024,0.5121993,0.15008065,0.46059892,0.15602821,0.7805905,0.99265313,0.1890595,1.0,0.98135483,1.734605,0.026875764,1.7426354,1.1153235,2.3955622,-0.11990599,2.4014454,1.0611465,2.4799922,-0.053470302,2.4913337,1.29282,2.6394835,-0.28095704,2.6558325
1705.jpg,0.5093456,-0.42495418,0.5634768,-0.49371225,0.5913181,-0.49329934,0.6283622,-0.49334773,0.44611084,-0.48976582,0.39741597,-0.48618868,0.35572925,-0.4817744,0.6764836,-0.45604497,0.29298675,-0.44446674,0.58128726,-0.3434354,0.4281385,-0.34530127,1.0,-0.008060201,0.0,0.0,1.120423,0.5070944,-0.17769267,0.51478845,0.58585703,0.27777866,0.37795305,0.27844825,0.4906102,0.1758023,0.49012098,0.17864372,0.49615547,0.124887556,0.47488365,0.13284644,0.5208592,0.15751438,0.45212248,0.16468382,0.78443253,0.9915379,0.18473393,1.0,0.98260117,1.7322361,0.024369102,1.741117,1.1264412,2.3985338,-0.12629978,2.3958719,1.0714922,2.484588,-0.059288356,2.4822657,1.3030299,2.6360452,-0.27270153,2.6563575
1861.jpg,0.5005681,-0.4148256,0.56067544,-0.48283643,0.59125936,-0.48219457,0.61855114,-0.4816073,0.44049197,-0.4793463,0.39628547,-0.4766543,0.35879594,-0.47429258,0.6752266,-0.44192648,0.2946737,-0.4390538,0.5751398,-0.3348418,0.4204607,-0.33961692,1.0,0.0096202865,0.0,0.0,1.0969414,0.5099033,-0.15967809,0.5051406,0.58459663,0.27426603,0.3894176,0.27008596,0.49769387,0.16164918,0.49413347,0.15612686,0.5041155,0.1143523,0.47567844,0.115042694,0.52664495,0.149191,0.4540503,0.149517,0.7899269,0.9925593,0.20030004,1.0,1.0115825,1.7476963,0.040082585,1.7397045,1.1720295,2.3900902,-0.07200724,2.3947809,1.1235263,2.4820712,0.006833987,2.478913,1.3244822,2.6320436,-0.22804242,2.649572
1862.jpg,0.4926278,-0.4121153,0.55220735,-0.48228738,0.5850919,-0.48223647,0.61186117,-0.4822119,0.43203408,-0.47779113,0.3878832,-0.475035,0.3512167,-0.4731669,0.6700739,-0.44364688,0.28989238,-0.43812498,0.56968147,-0.33491442,0.4145098,-0.33935487,1.0,0.012307391,0.0,0.0,1.0846254,0.5129597,-0.1619576,0.510961,0.5927655,0.28080395,0.36873153,0.28267035,0.50944036,0.16644068,0.47716376,0.16828656,0.51519,0.11823904,0.4568894,0.124057956,0.53641784,0.1541529,0.43401882,0.15922868,0.7780999,0.98931676,0.19186619,1.0,0.99671334,1.7424026,0.04683583,1.7358962,1.1494715,2.3953757,-0.07708523,2.406522,1.0955113,2.4928014,0.0014823686,2.4933631,1.3142822,2.6416943,-0.22999208,2.6588204
1863.jpg,0.49199867,-0.4218394,0.54775316,-0.49073014,0.5822076,-0.491321,0.60826796,-0.4925398,0.42774057,-0.48439336,0.38579774,-0.4812662,0.34916353,-0.48045382,0.6627955,-0.45501244,0.28880277,-0.44473448,0.56946415,-0.34335154,0.41442496,-0.34664088,1.0,0.0043032947,0.0,0.0,1.0951846,0.5220714,-0.16126435,0.52085185,0.5932478,0.2870707,0.3621598,0.29674548,0.5061065,0.17758746,0.47173053,0.1891578,0.5126617,0.12644604,0.45332807,0.14571519,0.532796,0.16117525,0.42775545,0.1809454,0.78300434,0.99774647,0.1892302,1.0,1.0007613,1.7705224,0.042967882,1.7639722,1.1669179,2.4307144,-0.08217315,2.436275,1.116007,2.5202487,-0.014269002,2.52102,1.3022939,2.6779017,-0.23843068,2.700029
1864.jpg,0.49945763,-0.42524153,0.555573,-0.49178597,0.5879669,-0.49259916,0.6141919,-0.4932822,0.4357085,-0.48605382,0.39268398,-0.4828781,0.35520726,-0.48108,0.670452,-0.45469555,0.29488212,-0.4449325,0.5768738,-0.346341,0.42101413,-0.35003477,1.0,-0.002824486,0.0,0.0,1.0970262,0.5096022,-0.1493088,0.51881284,0.5991725,0.2825848,0.3579301,0.29437855,0.5056861,0.17962176,0.47051707,0.197538,0.5083651,0.12685816,0.45612672,0.1518619,0.5308116,0.16099031,0.42989996,0.18577948,0.78737974,0.99909425,0.18944526,1.0,1.0051278,1.7556783,0.04410475,1.753462,1.164433,2.4122818,-0.08931738,2.4224691,1.1083051,2.507902,-0.020341597,2.5055914,1.3402038,2.6657023,-0.23760301,2.6846468
1865.jpg,0.49418503,-0.4256646,0.55401284,-0.495721,0.58546305,-0.49572897,0.61381024,-0.49518514,0.43348715,-0.49186218,0.39037654,-0.489046,0.35270643,-0.48602277,0.66986006,-0.45600665,0.29207182,-0.4504687,0.5707062,-0.3436982,0.41556275,-0.34891257,1.0,0.0039664693,0.0,0.0,1.0988519,0.5180741,-0.14228597,0.5265138,0.59371126,0.28891972,0.3878953,0.281813,0.4992991,0.18458,0.4925798,0.17592119,0.50358015,0.12821037,0.47182083,0.1293124,0.5269654,0.16303362,0.4463876,0.16546243,0.7802799,0.99883604,0.19288781,1.0,0.9903483,1.7622721,0.037845835,1.765132,1.16357,2.429751,-0.09154568,2.4373713,1.1186937,2.525491,-0.018695708,2.5222561,1.321249,2.6822083,-0.24946874,2.7031567
1866.jpg,0.4934387,-0.43248183,0.5556553,-0.5018739,0.5859325,-0.501679,0.61583936,-0.5008086,0.4311217,-0.49646217,0.38663378,-0.49246868,0.34737954,-0.48772418,0.6737481,-0.46021047,0.2878062,-0.4508772,0.57058257,-0.35107908,0.4124444,-0.3527329,1.0,-0.0079497555,0.0,0.0,1.107745,0.5042665,-0.14376605,0.5228126,0.5854059,0.27831638,0.383934,0.2866565,0.49483457,0.17556968,0.49138573,0.18565536,0.49601102,0.124821365,0.4749688,0.1424255,0.519087,0.15768155,0.44884017,0.17589632,0.78777885,1.0003192,0.18867446,1.0,0.9992942,1.7615434,0.029099835,1.7721652,1.1646793,2.4285648,-0.0922927,2.4255502,1.119482,2.5191216,-0.0143041955,2.5077353,1.3206762,2.6755874,-0.2593905,2.693139
1867.jpg,0.50892216,-0.4234964,0.55920184,-0.4904084,0.5874945,-0.4922129,0.6153791,-0.4938822,0.43948153,-0.48276788,0.39802098,-0.47971198,0.3592311,-0.4778527,0.664697,-0.4579162,0.29373968,-0.44164488,0.5834413,-0.3453506,0.43049374,-0.34772786,1.0,-0.0024245565,0.0,0.0,1.1217599,0.50727856,-0.14340815,0.52637625,0.5952382,0.290834,0.37488657,0.29855487,0.49902463,0.19229853,0.48893183,0.2051334,0.50113493,0.14201075,0.47469997,0.1625455,0.5245051,0.17418279,0.44684076,0.19432166,0.7923992,0.99644315,0.19146839,1.0,0.9985703,1.7511709,0.03285483,1.7630877,1.1672283,2.4201005,-0.09993399,2.4345102,1.1160425,2.5172236,-0.03289835,2.5192566,1.3420746,2.670286,-0.25633568,2.6945841
1868.jpg,0.5035969,-0.42653108,0.55547553,-0.49374402,0.58491427,-0.49477223,0.61343926,-0.49591956,0.4348734,-0.4870951,0.3942361,-0.48403808,0.3547267,-0.48203078,0.6653252,-0.4590592,0.29092622,-0.44602486,0.5793516,-0.3477325,0.42517993,-0.35016757,1.0,-0.0061186682,0.0,0.0,1.1216311,0.5045915,-0.14354283,0.52608705,0.6070838,0.30046964,0.39958575,0.29433376,0.50620186,0.20210665,0.5120203,0.19758661,0.503553,0.14962508,0.49756122,0.15806416,0.52906656,0.18171474,0.4678387,0.19003631,0.7951332,0.99247843,0.19757962,1.0,1.0000751,1.7543005,0.032513022,1.7623531,1.1520257,2.443167,-0.12323058,2.453645,1.1109,2.5381289,-0.053599488,2.5428298,1.3367176,2.6944444,-0.2733169,2.7152421
1869.jpg,0.51353043,-0.42694387,0.56421345,-0.49271342,0.5918332,-0.49337822,0.6224283,-0.4936549,0.44486794,-0.4877249,0.4008406,-0.48483488,0.35996902,-0.48185802,0.6726101,-0.45569432,0.29234764,-0.44534865,0.5872198,-0.34802803,0.4327645,-0.35177964,1.0,-0.0065924767,0.0,0.0,1.121251,0.5038264,-0.15443592,0.5274737,0.6073942,0.30006662,0.38291886,0.2992048,0.5078342,0.20195778,0.4962369,0.2015236,0.5086121,0.15141742,0.4817378,0.16148482,0.5326239,0.18289258,0.45298988,0.19351828,0.7959911,0.9936104,0.19336031,1.0,0.9929087,1.7509148,0.029265376,1.7519605,1.1535405,2.4167407,-0.12500337,2.4242768,1.1163008,2.5113819,-0.058688417,2.5120986,1.3447729,2.668249,-0.2711137,2.685751
1870.jpg,0.49905843,-0.42617235,0.5500944,-0.49346226,0.5804641,-0.4948623,0.6087845,-0.49594682,0.4295839,-0.4858227,0.38862234,-0.4822362,0.35008356,-0.48008206,0.6617495,-0.45915583,0.28973538,-0.443189,0.5768666,-0.3478937,0.42298242,-0.34997252,1.0,-0.0016989396,0.0,0.0,1.1148698,0.5136394,-0.14652231,0.5301637,0.6035915,0.29928148,0.36275327,0.30597875,0.5042891,0.2024243,0.47844067,0.21307442,0.5038457,0.1509811,0.4668114,0.16997518,0.5278805,0.18295902,0.43900603,0.20010088,0.7919646,0.99759805,0.19016269,1.0,0.9804421,1.7536788,0.02819984,1.7618343,1.1422628,2.4315693,-0.117697485,2.4385138,1.0997088,2.5298898,-0.04935845,2.529658,1.3295876,2.6817448,-0.28248793,2.6969137
1871.jpg,0.5108405,-0.42270544,0.56265694,-0.48886833,0.5902174,-0.48969796,0.6210698,-0.4901857,0.4433448,-0.48405367,0.39915684,-0.4814171,0.35912755,-0.47909406,0.6713014,-0.45262307,0.29347676,-0.44301996,0.583652,-0.34572664,0.43084142,-0.34906644,1.0,-0.00014061965,0.0,0.0,1.1157676,0.51188034,-0.14690635,0.5328935,0.5994727,0.3002879,0.36730278,0.30653122,0.5012286,0.20227139,0.48408422,0.21388434,0.50135857,0.1501901,0.4692087,0.16933928,0.5251358,0.18250147,0.4411148,0.20010166,0.7931448,0.9957214,0.1966377,1.0,0.9876108,1.7429876,0.03834479,1.7511884,1.1438086,2.417643,-0.12106767,2.4336448,1.0920663,2.516825,-0.057158478,2.5222878,1.3176532,2.676885,-0.27053538,2.6859252
1872.jpg,0.502621,-0.42238984,0.55671895,-0.48976207,0.5853527,-0.49081284,0.6149513,-0.4920005,0.4365583,-0.48514023,0.39520362,-0.48312888,0.3561781,-0.48167259,0.6669772,-0.45609686,0.29223052,-0.44788268,0.5763211,-0.34502733,0.42327225,-0.34932894,1.0,-0.0022478255,0.0,0.0,1.1162337,0.5123116,-0.14471556,0.5358042,0.60409933,0.29729092,0.37940654,0.30407926,0.5034457,0.20100045,0.49113107,0.21009018,0.5028708,0.14877549,0.47941923,0.16766699,0.5269166,0.18015487,0.45102617,0.19807322,0.79190415,0.9966549,0.1944272,1.0,0.99101025,1.7658131,0.034075547,1.7621799,1.1435632,2.4373288,-0.11877869,2.4426827,1.0969844,2.534624,-0.05349795,2.5278842,1.3279418,2.6939883,-0.26707682,2.7080526
1873.jpg,0.4978082,-0.41656315,0.55215883,-0.48412713,0.5800891,-0.48482072,0.6098624,-0.48537332,0.4329003,-0.48034647,0.39043137,-0.47850314,0.3518738,-0.47714475,0.6621297,-0.44770616,0.28924656,-0.44252428,0.57164186,-0.33776683,0.4197152,-0.34237343,1.0,0.0057448545,0.0,0.0,1.1140106,0.51494706,-0.14601515,0.5343795,0.6037188,0.29625344,0.37243268,0.29794163,0.5066269,0.19616827,0.48057795,0.2015649,0.5069458,0.1464776,0.46768266,0.15847462,0.53068143,0.17870827,0.44214502,0.18909638,0.7875458,0.99319804,0.1946897,1.0,0.9905822,1.742389,0.030965991,1.7564701,1.1411692,2.4328842,-0.12827,2.4319863,1.0987843,2.526904,-0.05715381,2.5195444,1.3300827,2.6714196,-0.2722018,2.686874
1874.jpg,0.49573,-0.41608447,0.55449843,-0.4833782,0.5842493,-0.48365384,0.6142362,-0.48421714,0.43301377,-0.48130032,0.39138654,-0.47973463,0.35215178,-0.4785131,0.66820204,-0.4472744,0.29124326,-0.4464183,0.5703663,-0.33887845,0.4157695,-0.34449467,1.0,-0.0029146445,0.0,0.0,1.1083866,0.50545955,-0.13832888,0.52608347,0.6076374,0.2892793,0.39784458,0.28811175,0.50652176,0.18704426,0.50418746,0.19093989,0.5053649,0.13575259,0.48933932,0.14742406,0.53074396,0.16828007,0.46350414,0.17876889,0.79706556,0.99281025,0.2040673,1.0,0.9889814,1.7370689,0.02704357,1.7594556,1.1491082,2.4217317,-0.121883206,2.4240944,1.1084381,2.5110846,-0.052019488,2.5087984,1.3216894,2.6670241,-0.24919562,2.6800861
1875.jpg,0.49726418,-0.41656142,0.55636007,-0.48458648,0.58587426,-0.48466438,0.61601514,-0.48480985,0.43456876,-0.48252147,0.39203373,-0.48058078,0.35232383,-0.4787135,0.66966915,-0.44681486,0.29047877,-0.4461072,0.5718493,-0.33934015,0.41624767,-0.3443035,1.0,-0.0030656722,0.0,0.0,1.1158309,0.506563,-0.14515945,0.52932197,0.6159002,0.29443505,0.39484125,0.29081258,0.5145112,0.19257228,0.5086129,0.19635424,0.50971186,0.14012717,0.49591967,0.15185837,0.5357456,0.17253388,0.4688769,0.18263939,0.79817444,0.99013895,0.2056749,1.0,0.9882586,1.7341126,0.027655773,1.760123,1.148349,2.4204526,-0.1238895,2.425755,1.1074259,2.5135014,-0.053161364,2.5135016,1.3350986,2.6659734,-0.26607943,2.6815479
